#   node  parent    dia       xbio       ybio      zbio      region   dendr
#
     0        0     3.95      0          0         0         SOMA      0
     1        0     4         0.196      1.211     0.05      SOMA      0
     2        1     4.05      0.2835     1.982     0.15      SOMA      0
     3        2     3.75      0.334      2.718     0.45      SOMA      0
     4        3     3.25      0.3115     3.381     0.95      SOMA      0
     5        4     2.85      0.1625     3.973     1.4       SOMA      0
     6        5     2.45      0.0145     4.477     1.75      SOMA      0
     7        6     2.05      -0.0845    4.94      2.15      SOMA      0
     8        7     1.8       -0.251     5.498     2.65      SOMA      0
     9        8     1.45      -0.376     5.957     3.05      SOMA      0
    10        9     1.05      -0.3885    6.557     3.6       DENDP      0
    11       10     1.1       -0.4135    7.157     4.15      DENDP      0
    12       11     0.85      -0.3425    7.498     4.4       DENDP      0
    13       12     0.75      -0.0885    8.111     4.6       DENDP      0
    14       13     0.7       0.0035     8.609     4.95      DENDP      0
    15       14     0.8       0.0135     8.974     5         DENDP      0
    16       15     0.85      -0.2905    9.524     5.25      DENDP      0
    17       16     1.15      -0.246     10.02     5.55      DENDP      0
    18       17     1.05      -0.0785    10.36     5.6       DENDP      0
    19       18     1         0.0495     10.5      5.7       DENDP      0
    20       19     0.95      0.2525     10.72     5.7       DENDP      0
    21       20     0.9       0.5785     11.04     6         DENDP      0
    22       21     1.05      0.766      11.33     6         DENDP      0
    23       22     0.85      0.891      11.61     6         DENDP      0
    24       23     0.9       1.016      11.97     6         DENDP      0
    25       24     0.6       1.136      12.33     5.65      DENDP      0
    26       25     0.6       1.289      12.66     5.6       DENDP      0
    27       26     0.65      1.569      12.94     5.4       DENDP      0
    28       27     0.7       1.724      13.14     5.35      DENDP      0
    29       28     0.65      2.047      13.51     5.3       DENDP      0
    30       29     0.8996    2.254      13.95     5.25      DENDP      0
    31       30     0.8417    2.532      14.48     5.24      DENDP      0
    32       31     0.8253    3.003      14.89     5.25      DENDP      0
    33       32     0.55      3.346      15.27     5.25      DENDP      0
    34       33     0.4       3.566      15.48     5.25      DENDP      0
    35       34     0.2       4.038      15.71     5.25      DENDP      0
    36       35     0.25      4.467      16.03     5.25      DENDP      0
    37       36     0.2       4.876      16.33     5.25      DENDP      0
    38       37     0.2       5.053      16.83     5.3       DENDP      0
    39       38     0.25      5.303      17.26     5.3       DENDP      0
    40       39     0.3       5.462      17.71     5.45      DENDP      0
    41       40     0.3       5.563      17.9      5.5       DENDP      0
    42       41     0.3       5.704      18.37     5.65      DENDP      0
    43       42     0.426     5.716      18.85     5.85      DENDP      0
    44       43     0.5       5.99       19.26     5.9       DENDP      0
    45       44     0.2       6.755      19.5      6         DENDP      0
    46       45     0.3       7.214      19.41     6.05      DENDP      0
    47       46     0.3       7.663      19.41     6.05      DENDP      0
    48       47     0.25      8.133      19.48     6.05      DENDP      0
    49       48     0.2       8.56       19.72     5.95      DENDP      0
    50       49     0.4       8.89       20.12     5.85      DENDP      0
    51       50     0.3       9.181      20.5      5.85      DENDP      0
    52       51     0.2       9.549      20.84     5.85      DENDP      0
    53       52     0.3       9.971      21.1      5.85      DENDP      0
    54       53     0.55      10.39      21.13     5.85      DENDP      0
    55       54     0.8       10.83      21.32     5.85      DENDP      0
    56       55     0.75      11.13      21.47     5.85      DENDP      0
    57       56     0.8       11.31      21.78     5.85      DENDP      0
    58       57     0.2       11.53      22.12     5.85      DENDP      0
    59       58     0.2       11.78      22.56     5.85      DENDP      0
    60       59     0.2       12.13      22.87     5.65      DENDP      0
    61       60     0.172     12.43      23.24     5.55      DENDP      0
    62       61     0.15      12.77      23.61     5.45      DENDP      0
    63       62     0.13      13.07      23.95     5.25      DENDP      0
    64       63     0.19      13.35      24.29     5.05      DENDP      0
    65       64     0.1897    13.57      24.71     4.9       DENDP      0
    66       65     0.15      13.79      25.13     4.75      DENDP      0
    67       66     0.2084    14.07      25.53     4.6       DENDP      0
    68       67     0.2       14.32      25.92     4.5       DENDP      0
    69       68     0.15      14.5       26.38     4.5       DENDP      0
    70       69     0.15      14.52      26.88     4.5       DENDP      0
    71       70     0.2       14.36      27.32     4.65      DENDP      0
    72       71     0.1561    14.08      27.73     4.75      DENDP      0
    73       72     0.1514    13.95      28.16     5.05      DENDP      0
    74       73     0.1473    14.23      28.34     5.25      DENDP      0
    75       74     0.1487    14.59      28.48     5.4       DENDP      0
    76       75     0.5       14.97      28.25     5.45      DENDP      0
    77       76     0.45      14.9       28        5.6       DENDP      0
    78       77     0.1       14.85      27.82     5.7       DENDP      0
    79       78     0.1       15.01      27.65     6.1       DENDD      0
    80       79     0.1       15.09      27.4      6.3       DENDD      0
    81       80     0.15      15.37      27.1      6.45      DENDD      0
    82       81     0.1       15.78      27.26     6.6       DENDD      0
    83       82     0.1       16.03      27.13     6.65      DENDD      0
    84       83     0.15      16.28      26.83     6.65      DENDD      0
    85       84     0.15      16.75      26.68     6.7       DENDD      0
    86       85     0.4       17.07      26.64     6.75      DENDD      0
    87       86     0.3       17.46      26.43     6.95      DENDD      0
    88       87     0.1       17.85      26.32     7.3       DENDD      0
    89       88     0.1       18.14      26.18     7.65      DENDD      0
    90       89     0.1       18.34      25.91     8         DENDD      0
    91       90     0.15      18.69      25.74     8.3       DENDD      0
    92       91     0.15      18.93      25.97     8.65      DENDD      0
    93       92     0.1       19.21      26.18     8.9       DENDD      0
    94       93     0.05      19.52      26.25     9.05      DENDD      0
    95       56     0.25      11.22      21.43     6.45      DENDP      0
    96       95     0.2       11.4       21.37     6.55      DENDD      0
    97       96     0.15      11.58      21.3      6.6       DENDD      0
    98       97     0.25      11.94      21.08     6.8       DENDD      0
    99       98     0.2       12.36      20.93     7         DENDD      0
   100       99     0.2       12.76      20.98     7.2       DENDD      0
   101      100     0.35      13.22      20.98     7.55      DENDD      0
   102      101     0.2       13.14      21.22     7.7       DENDD      0
   103      102     0.05      13.06      21.43     7.75      DENDD      0
   104      103     0.1       12.85      21.61     7.75      DENDD      0
   105      104     0.15      12.46      21.59     7.65      DENDD      0
   106      105     0.15      12.38      21.43     7.65      DENDD      0
   107      106     0.1       12.43      21.18     7.65      DENDD      0
   108       56     0.15      11.21      21.89     6.3       DENDP      0
   109      108     0.15      11.37      22.13     6.7       DENDD      0
   110      109     0.05      11.45      22.45     7.05      DENDD      0
   111      110     0.1       11.47      22.66     7.35      DENDD      0
   112      111     0.1       11.69      22.97     7.4       DENDD      0
   113      112     0.1       11.71      23.26     7.5       DENDD      0
   114      113     0.05      11.63      23.57     7.75      DENDD      0
   115      114     0.1       12         23.72     8         DENDD      0
   116      115     0.1       12.58      23.92     8.25      DENDD      0
   117      116     0.1       12.74      23.68     8.45      DENDD      0
   118      117     0.15      12.89      23.48     8.65      DENDD      0
   119      118     0.35      12.66      23.31     9         DENDD      0
   120      119     0.15      12.16      23.43     9.25      DENDD      0
   121      113     0.2       11.61      23.45     7.45      DENDD      0
   122      121     0.05      11.17      23.32     7.5       DENDD      0
   123      122     0.1       10.77      23.1      7.65      DENDD      0
   124       96     0.15      11.16      21.32     6.9       DENDP      0
   125      124     0.15      11.05      21.3      7.05      DENDP      0
   126      125     0.15      10.94      21.27     7.1       DENDP      0
   127      126     0.1       11         21.49     7.55      DENDP      0
   128      127     0.15      11.06      21.74     7.45      DENDP      0
   129       46     0.25      7.302      19.16     6.35      DENDP      0
   130      129     0.15      7.485      19.01     6.7       DENDP      0
   131      130     0.1       7.094      18.84     6.75      DENDP      0
   132      131     0.15      6.843      18.74     6.85      DENDP      0
   133      132     0.15      6.821      18.42     6.9       DENDP      0
   134      133     0.15      6.958      18.07     6.95      DENDP      0
   135      134     0.15      7.146      17.81     6.95      DENDP      0
   136      135     0.2       7.485      17.66     6.95      DENDP      0
   137       44     0.3       5.536      19.54     5.95      DENDP      0
   138      137     0.05      5.166      19.78     6.05      DENDP      0
   139      138     0.25      4.752      20.08     6.1       DENDP      0
   140      139     0.15      4.367      20.22     6.35      DENDP      0
   141      140     0.15      4.2        20.37     6.5       DENDP      0
   142      141     0.2       4.092      20.18     6.65      DENDP      0
   143      142     0.15      4.158      19.97     6.7       DENDP      0
   144      143     0.05      4.25       19.84     6.85      DENDP      0
   145      144     0.15      4.259      19.6      6.9       DENDP      0
   146      145     0.15      4.235      19.37     6.85      DENDP      0
   147      146     0.15      4.411      19.05     6.85      DENDP      0
   148      147     0.2       4.337      18.83     6.75      DENDP      0
   149      148     0.3       4.213      18.59     6.65      DENDP      0
   150      149     0.3       3.922      18.32     6.35      DENDP      0
   151      150     0.05      3.589      18.11     6.45      DENDP      0
   152       31     0.7       2.253      14.89     5.23      DENDP      0
   153      152     0.75      2.028      15.32     5.2       DENDP      0
   154      153     0.45      1.868      15.65     4.9       DENDP      0
   155      154     0.35      1.766      15.77     4.85      DENDP      0
   156      155     0.3       1.565      16.11     4.55      DENDP      0
   157      156     0.25      1.487      16.47     4.25      DENDP      0
   158      157     0.25      1.396      16.91     4.05      DENDP      0
   159      158     0.25      1.397      17.34     3.95      DENDP      0
   160      159     0.25      1.401      17.83     3.85      DENDP      0
   161      160     0.3       1.432      18.31     3.75      DENDP      0
   162      161     0.3       1.692      18.65     3.7       DENDP      0
   163      162     0.45      1.919      19.09     3.6       DENDP      0
   164      163     0.6       2.009      19.57     3.5       DENDP      0
   165      164     0.7       2.211      20.01     3.45      DENDP      0
   166      165     0.7       2.3        20.5      3.45      DENDP      0
   167      166     0.5       2.17       20.99     3.5       DENDP      0
   168      167     0.4       1.827      21.31     3.45      DENDP      0
   169      168     0.25      1.725      21.61     3.35      DENDP      0
   170      169     0.25      1.714      21.99     3.1       DENDP      0
   171      170     0.15      1.936      22.36     2.9       DENDP      0
   172      171     0.25      2.273      22.7      2.6       DENDP      0
   173      172     0.25      2.701      22.96     2.45      DENDP      0
   174      173     0.4       3.026      23.34     2.3       DENDP      0
   175      174     0.6       3.176      23.64     2.15      DENDP      0
   176      175     0.4       3.114      23.88     2.1       DENDP      0
   177      176     0.4011    3.119      24.19     2.05      DENDP      0
   178      177     0.4       3.14       24.68     2.05      DENDP      0
   179      178     0.3       3.282      24.95     2.2       DENDP      0
   180      179     0.25      3.309      25.35     2.35      DENDP      0
   181      180     0.3       3.377      25.73     2.6       DENDP      0
   182      181     0.3       3.39       26.03     2.75      DENDP      0
   183      182     0.2       3.477      26.4      2.8       DENDP      0
   184      183     0.15      3.303      26.73     2.85      DENDP      0
   185      184     0.15      3.005      27.22     2.85      DENDP      0
   186      185     0.15      2.809      27.65     2.75      DENDP      0
   187      186     0.15      2.529      28.04     2.55      DENDP      0
   188      187     0.2       2.189      28.34     2.35      DENDP      0
   189      188     0.4       1.795      28.63     2.25      DENDP      0
   190      189     0.35      1.462      28.96     2.2       DENDP      0
   191      190     0.6       0.987      29.1      2.2       DENDP      0
   192      191     0.5       0.5095     29.22     2.2       DENDP      0
   193      192     0.55      0.1325     29.62     2.35      DENDP      0
   194      193     0.25      0.282      30.11     2.15      DENDP      0
   195      194     0.15      0.556      30.6      2.05      DENDP      0
   196      195     0.15      0.7225     31.03     1.9       DENDP      0
   197      196     0.2       0.866      31.47     1.7       DENDP      0
   198      197     0.3       0.94       31.71     1.7       DENDP      0
   199      198     0.15      1.107      32.03     1.5       DENDP      0
   200      199     0.15      1.362      32.16     1.45      DENDP      0
   201      200     0.15      1.798      32.32     1.3       DENDP      0
   202      201     0.15      2.196      32.43     1.05      DENDP      0
   203      202     0.3       2.553      32.67     0.9       DENDP      0
   204      203     0.2       2.685      32.92     0.95      DENDP      0
   205      204     0.25      2.767      33.4      1         DENDP      0
   206      205     0.2       2.676      33.88     0.95      DENDP      0
   207      206     0.2       2.517      34.34     1         DENDP      0
   208      207     0.1       2.459      34.85     0.95      DENDP      0
   209      208     0.15      2.477      35.17     0.95      DENDP      0
   210      209     0.1       2.439      35.44     0.9       DENDP      0
   211      210     0.4       2.477      35.74     0.95      DENDP      0
   212      211     0.65      2.635      36.05     0.8       DENDP      0
   213      212     0.65      2.656      36.27     0.65      DENDP      0
   214      213     0.55      2.996      36.45     0.45      DENDP      0
   215      214     0.3       3.185      36.63     0.2       DENDP      0
   216      215     0.25      3.586      36.89     0         DENDP      0
   217      216     0.15      3.977      37.13     -0.25     DENDP      0
   218      217     0.1518    4.388      37.36     -0.4      DENDP      0
   219      218     0.5572    4.392      37.9      -0.6      DENDP      0
   220      219     0.242     4.591      38.4      -0.4      DENDP      0
   221      220     0.3       4.605      38.77     0         DENDP      0
   222      221     0.2       4.669      39.05     0.4       DENDP      0
   223      222     0.15      4.764      39.34     0.75      DENDP      0
   224      223     0.15      4.746      39.68     1.15      DENDP      0
   225      224     0.15      4.606      39.97     1.5       DENDP      0
   226      225     0.2       4.422      40.32     1.8       DENDP      0
   227      226     0.25      4.295      40.7      2.1       DENDP      0
   228      227     0.15      4.374      41.13     2.3       DENDP      0
   229      228     0.15      4.605      41.57     2.35      DENDP      0
   230      229     0.15      5.03       41.78     2.45      DENDP      0
   231      230     0.2       5.332      42.16     2.45      DENDP      0
   232      231     0.3       5.597      42.62     2.35      DENDP      0
   233      232     0.55      5.799      42.84     2.25      DENDP      0
   234      233     0.75      5.828      43.1      2.2       DENDP      0
   235      234     0.65      5.707      43.35     2.15      DENDP      0
   236      235     0.45      5.561      43.45     2.15      DENDP      0
   237      236     0.35      5.164      43.54     2.1       DENDP      0
   238      237     0.1       4.823      43.67     2.15      DENDP      0
   239      238     0.1       4.308      43.79     2.3       DENDP      0
   240      239     0.05      3.846      43.86     2.5       DENDP      0
   241      240     0.15      3.425      43.99     2.7       DENDP      0
   242      241     0.15      2.971      44.03     2.85      DENDP      0
   243      242     0.15      2.483      44.03     2.95      DENDP      0
   244      243     0.1       1.994      44.03     3.05      DENDP      0
   245      244     0.1       1.88       44.03     3.05      DENDP      0
   246      245     0.1       1.404      44.03     2.9       DENDP      0
   247      246     0.15      0.9155     44.03     2.8       DENDP      0
   248      247     0.15      0.4315     44.03     2.7       DENDP      0
   249      248     0.05      -0.068     44.03     2.7       DENDP      0
   250      249     0.15      -0.568     44.03     2.7       DENDP      0
   251      250     0.25      -1.063     43.97     2.7       DENDP      0
   252      251     0.05      -1.392     43.69     2.9       DENDP      0
   253      252     0.15      -1.535     43.38     3.25      DENDP      0
   254      253     0.1       -1.902     43.09     3.35      DENDP      0
   255      254     0.05      -1.795     42.84     3.7       DENDP      0
   256      244     0.15      1.807      44.25     3.1       DENDP      0
   257      256     0.1       2.019      44.64     3.25      DENDP      0
   258      257     0.05      1.795      45.03     3.1       DENDP      0
   259      212     0.1       2.218      36.67     0.55      DENDP      0
   260      259     0.15      1.737      36.75     0.55      DENDD      0
   261      260     0.2       1.197      36.93     0.7       DENDD      0
   262      261     0.25      1.008      37        0.8       DENDD      0
   263      262     0.2       0.2355     36.88     0.95      DENDD      0
   264      263     0.2       -0.2115    36.86     1.15      DENDD      0
   265      264     0.1       -0.5965    36.86     1.5       DENDD      0
   266      265     0.05      -0.7715    36.86     1.65      DENDD      0
   267      266     0.1       -1.119     36.86     2         DENDD      0
   268      267     0.15      -1.443     36.86     2.4       DENDD      0
   269      268     0.2       -1.604     36.86     2.85      DENDD      0
   270      269     0.25      -1.676     36.85     3.35      DENDD      0
   271      270     0.15      -1.8       36.85     3.85      DENDD      0
   272      271     0.2       -1.866     36.84     4.35      DENDD      0
   273      272     0.05      -1.989     36.79     4.8       DENDD      0
   274      273     0.1       -2.001     36.54     5.25      DENDD      0
   275      274     0.15      -2.052     36.3      5.65      DENDD      0
   276      275     0.05      -2.393     36.06     5.85      DENDD      0
   277      265     0.1       -0.66      36.92     1.5       DENDD      0
   278      277     0.05      -0.9855    37.08     1.7       DENDD      0
   279      278     0.25      -1.288     37.22     2.05      DENDD      0
   280      279     0.05      -1.581     37.58     2.25      DENDD      0
   281      280     0.15      -1.979     37.86     2.3       DENDD      0
   282      281     0.1       -2.393     38.05     2.5       DENDD      0
   283      212     0.1       2.369      36.33     1.2       DENDD      0
   284      283     0.1       2.333      36.41     1.45      DENDP      0
   285      284     0.1       2.297      36.31     1.75      DENDP      0
   286      285     0.2       2.325      36.35     2         DENDP      0
   287      286     0.15      2.328      36.58     2.15      DENDP      0
   288      287     0.15      2.333      36.79     2.35      DENDD      0
   289      288     0.25      2.365      37.07     2.75      DENDD      0
   290      289     0.1       2.119      37.27     3.2       DENDD      0
   291      290     0.15      2.476      37.4      3.55      DENDD      0
   292      291     0.1       2.898      37.48     3.8       DENDD      0
   293      292     0.05      3.28       37.7      4.1       DENDD      0
   294      293     0.1       3.557      37.88     4.45      DENDD      0
   295      294     0.1       3.984      38.2      4.35      DENDD      0
   296      295     0.15      4.083      38.46     4.35      DENDD      0
   297      296     0.1       4.181      38.57     4.55      DENDD      0
   298      297     0.05      4.234      38.75     4.8       DENDD      0
   299      298     0.05      4.288      38.66     5.05      DENDD      0
   300      198     0.1       0.829      31.82     1.8       DENDP      0
   301      300     0.15      0.594      31.88     1.85      DENDP      0
   302      301     0.15      0.3515     31.94     1.85      DENDP      0
   303      302     0.1       0.0845     31.82     1.85      DENDP      0
   304      303     0.1       -0.3185    31.58     1.7       DENDP      0
   305      304     0.1       -0.798     31.47     1.7       DENDP      0
   306      193     0.25      -0.3375    29.77     2.35      DENDP      0
   307      306     0.2       -0.704     30.02     2.5       DENDP      0
   308      307     0.2       -1.149     30.24     2.55      DENDP      0
   309      308     0.15      -1.552     30.27     2.85      DENDP      0
   310      309     0.1       -1.896     30.24     3.2       DENDP      0
   311      310     0.15      -2.176     30.12     3.6       DENDP      0
   312      311     0.15      -2.356     29.85     3.95      DENDP      0
   313      312     0.15      -2.646     29.56     4.25      DENDP      0
   314      313     0.15      -2.819     29.43     4.35      DENDP      0
   315      314     0.15      -2.991     29.3      4.5       DENDP      0
   316      315     0.15      -3.135     29.2      4.5       DENDP      0
   317      316     0.25      -3.571     29.03     4.7       DENDP      0
   318      317     0.3       -4.012     28.9      4.85      DENDP      0
   319      318     0.15      -4.464     28.8      5.05      DENDP      0
   320      319     0.15      -4.973     28.95     5.1       DENDP      0
   321      320     0.1       -5.393     29.16     5.1       DENDP      0
   322      321     0.15      -5.736     29.51     5.1       DENDP      0
   323      322     0.15      -5.858     29.97     5.1       DENDP      0
   324      323     0.2581    -5.982     30.22     4.9       DENDP      0
   325      324     0.5985    -5.987     30.74     4.8       DENDP      0
   326      325     0.7399    -5.942     31.25     4.7       DENDP      0
   327      326     0.409     -5.712     31.58     4.7       DENDP      0
   328      327     0.15      -5.474     31.77     4.7       DENDP      0
   329      328     0.05      -4.986     31.98     4.75      DENDP      0
   330      322     0.1       -6.171     29.53     4.95      DENDP      0
   331      330     0.05      -6.412     29.31     4.75      DENDP      0
   332      331     0.05      -6.581     29.28     4.45      DENDP      0
   333      315     0.15      -3.024     28.98     4.85      DENDD      0
   334      333     0.1       -3.149     28.88     5.3       DENDD      0
   335      334     0.05      -3.017     28.89     5.75      DENDD      0
   336      335     0.1       -2.647     28.93     6.1       DENDD      0
   337      336     0.15      -2.523     29.16     6.35      DENDD      0
   338      337     0.1319    -2.399     29.07     6.55      DENDD      0
   339      338     0.15      -2.124     29.08     6.95      DENDD      0
   340      339     0.1456    -1.787     29.14     7.29      DENDD      0
   341      340     0.2312    -1.466     29.16     7.71      DENDD      0
   342      341     0.2627    -1.276     29.09     8.15      DENDD      0
   343      342     0.251     -1.017     28.96     8.56      DENDD      0
   344      343     0.1471    -0.8145    28.76     8.95      DENDD      0
   345      344     0.1737    -0.6255    28.48     9.29      DENDD      0
   346      345     0.1       -0.3825    28.05     9.44      DENDD      0
   347      346     0.09967   -0.2175    27.65     9.73      DENDD      0
   348      347     0.09679   -0.221     27.8      10        DENDD      0
   349      348     0.13      -0.194     27.63     10.2      DENDD      0
   350      349     0.09964   -0.0155    27.48     10.6      DENDD      0
   351      350     0.1058    0.087      27.04     10.9      DENDD      0
   352      351     0.15      -0.236     26.92     11.2      DENDD      0
   353      352     0.15      -0.5985    27.08     11.5      DENDD      0
   354      347     0.1       -0.155     28.03     10        DENDD      0
   355      354     0.1512    -0.0425    28.41     10.4      DENDD      0
   356      355     0.15      0.1655     28.9      10.3      DENDD      0
   357      167     0.3       2.644      21.38     3.55      DENDP      0
   358      357     0.15      3.076      21.5      3.5       DENDP      0
   359      358     0.2       3.534      21.67     3.45      DENDP      0
   360      359     0.15      3.903      21.98     3.35      DENDP      0
   361      360     0.15      4.324      22.23     3.3       DENDP      0
   362      361     0.15      4.75       22.49     3.3       DENDP      0
   363      362     0.2       5.124      22.82     3.25      DENDP      0
   364      363     0.15      5.5        23.15     3.25      DENDP      0
   365      364     0.15      5.936      23.33     3.1       DENDP      0
   366      365     0.15      6.408      23.49     3.1       DENDP      0
   367      366     0.15      6.894      23.59     3.1       DENDP      0
   368      367     0.1469    7.371      23.71     3.19      DENDP      0
   369      368     0.15      7.705      23.83     3.35      DENDP      0
   370      369     0.15      7.995      24.04     3.65      DENDP      0
   371      370     0.1       8.153      24.25     4.1       DENDP      0
   372      371     0.15      8.216      24.46     4.55      DENDP      0
   373      372     0.2       8.117      24.67     5         DENDP      0
   374      373     0.25      7.916      25.45     5.24      DENDP      0
   375      374     0.5502    7.499      25.53     5.41      DENDP      0
   376      375     0.5106    7.291      25.47     5.73      DENDP      0
   377      376     0.4       7.292      25.16     6.12      DENDP      0
   378      377     0.2       7.27       25.16     6.38      DENDP      0
   379      378     0.1       7.474      25.24     6.62      DENDP      0
   380      379     0.15      7.728      25.26     6.75      DENDP      0
   381      380     0.15      8.099      25.14     7.1       DENDP      0
   382      381     0.15      8.105      25.14     7.1       DENDD      0
   383      382     0.1       8.117      25.18     7.4       DENDD      0
   384      383     0.4       8.129      25.23     7.65      DENDD      0
   385      384     0.35      8.043      25.28     7.85      DENDD      0
   386      385     0.2       7.956      25.34     8.05      DENDD      0
   387      386     0.15      7.896      25.41     8.2       DENDD      0
   388      387     0.1       7.555      25.49     8.55      DENDD      0
   389      388     0.1       7.183      25.35     8.95      DENDD      0
   390      389     0.15      6.89       25.78     9.1       DENDD      0
   391      390     0.15      6.76       26.1      9.45      DENDD      0
   392      391     0.15      6.744      26.15     9.6       DENDD      0
   393      392     0.15      6.703      26.49     9.9       DENDD      0
   394      393     0.15      6.781      26.88     10.2      DENDD      0
   395      394     0.1       6.789      27.31     10.5      DENDD      0
   396      395     0.1       6.866      27.7      10.7      DENDD      0
   397      396     0.15      6.612      27.9      11.1      DENDD      0
   398      397     0.15      6.266      28.16     11.3      DENDD      0
   399      398     0.15      5.936      28.53     11.3      DENDD      0
   400      399     0.1       5.599      28.83     11.5      DENDD      0
   401      400     0.05      5.185      28.68     11.7      DENDD      0
   402      391     0.1       6.827      26.1      9.5       DENDD      0
   403      402     0.1       7.08       25.96     9.85      DENDD      0
   404      403     0.2       7.254      25.65     10.3      DENDD      0
   405      404     0.1       7.591      25.51     10.5      DENDD      0
   406      405     0.1       7.681      25.83     10.7      DENDD      0
   407      406     0.1       7.67       25.85     11        DENDD      0
   408      407     0.1       7.724      26.17     11.1      DENDD      0
   409      408     0.1       7.777      26.45     11.2      DENDD      0
   410      381     0.15      8.101      25.14     7.1       DENDD      0
   411      410     0.15      8.516      25.06     7.35      DENDD      0
   412      411     0.2       8.96       24.94     7.55      DENDD      0
   413      412     0.05      9.352      25.06     7.8       DENDD      0
   414      413     0.2       9.771      25.09     8.05      DENDD      0
   415      368     0.1       7.545      23.7      2.9       DENDP      0
   416      415     0.15      7.87       23.91     2.65      DENDP      0
   417      416     0.15      7.93       24.31     2.35      DENDP      0
   418      417     0.1656    7.702      24.76     2.25      DENDP      0
   419      418     0.25      7.392      24.97     1.9       DENDP      0
   420      419     0.15      7.217      25.38     1.65      DENDP      0
   421      420     0.1       7.259      25.7      1.45      DENDP      0
   422      421     0.1006    7.301      25.6      1.2       DENDP      0
   423      422     0.1103    7.577      25.71     0.9       DENDP      0
   424      368     0.07765   7.405      23.44     3.3       DENDP      0
   425      424     0.1       7.689      23.06     3.4       DENDP      0
   426      425     0.1       8.122      22.9      3.3       DENDP      0
   427      426     0.15      8.575      22.9      3.1       DENDP      0
   428      158     0.25      1.419      17.13     3.85      DENDP      0
   429      428     0.05      1.809      17.43     3.8       DENDP      0
   430      429     0.2       2.194      17.51     3.5       DENDP      0
   431      155     0.15      1.329      15.75     4.8       DENDP      0
   432      431     0.1       0.781      15.69     4.65      DENDP      0
   433      432     0.15      0.54       15.25     4.6       DENDP      0
   434      433     0.1       0.365      15.05     4.2       DENDP      0
   435      434     0.05      0.219      14.93     4.2       DENDP      0
   436      435     0.2       0.2255     14.76     4.15      DENDP      0
   437      436     0.1       0.4565     14.64     4.15      DENDP      0
   438      437     0.1       0.7395     14.6      4         DENDP      0
   439       24     0.4       1.378      12.18     6.4       DENDP      0
   440      439     0.4       1.623      12.51     6.5       DENDP      0
   441      440     0.35      2.006      12.74     6.5       DENDP      0
   442      441     0.25      1.834      13.02     6.45      DENDP      0
   443      441     0.3       2.368      12.98     6.35      DENDP      0
   444      443     0.4       2.724      13.19     6.3       DENDP      0
   445      444     0.4       2.893      13.23     6.3       DENDP      0
   446      445     0.4       3.236      13.59     6.3       DENDP      0
   447      446     0.35      3.441      14.03     6.45      DENDP      0
   448      447     0.25      3.455      14.35     6.65      DENDP      0
   449      448     0.55      3.685      14.75     6.8       DENDP      0
   450      449     0.2       4.002      15.12     6.9       DENDP      0
   451      450     0.25      4.336      15.42     7.1       DENDP      0
   452      451     0.4       4.52       15.78     7.4       DENDP      0
   453      452     0.3       4.828      16.16     7.45      DENDP      0
   454      453     0.25      5.177      16.52     7.45      DENDP      0
   455      454     0.25      5.515      16.89     7.45      DENDP      0
   456      455     0.3       5.805      17.29     7.5       DENDP      0
   457      456     0.25      5.869      17.48     7.45      DENDP      0
   458      457     0.3512    6.012      17.91     7.45      DENDP      0
   459      458     0.25      6.262      18.01     7.7       DENDP      0
   460      459     0.35      6.498      17.96     7.6       DENDP      0
   461      460     0.25      6.708      17.86     7.65      DENDP      0
   462      461     0.65      6.934      17.73     7.7       DENDP      0
   463      462     0.65      7.16       17.59     7.75      DENDP      0
   464      463     0.35      7.64       17.6      7.75      DENDP      0
   465      464     0.2       8.102      17.55     7.85      DENDP      0
   466      465     0.15      8.549      17.3      7.9       DENDD      0
   467      466     0.15      8.895      16.94     7.9       DENDD      0
   468      467     0.25      9.146      16.54     8.05      DENDD      0
   469      468     0.25      9.392      16.13     8.2       DENDD      0
   470      469     0.2       9.561      15.72     8.45      DENDD      0
   471      470     0.15      9.564      15.67     8.5       DENDD      0
   472      471     0.15      9.515      15.55     8.9       DENDD      0
   473      472     0.1       9.444      15.67     9.4       DENDD      0
   474      473     0.1875    9.597      15.71     9.81      DENDD      0
   475      474     0.118     9.79       15.34     10.1      DENDD      0
   476      463     0.4       6.978      17.34     7.85      DENDP      0
   477      476     0.2       6.768      17.23     7.65      DENDP      0
   478      477     0.15      6.77       16.8      7.5       DENDP      0
   479      478     0.1       6.814      16.5      7.45      DENDP      0
   480      479     0.1       6.68       16.18     7.45      DENDP      0
   481      458     0.6028    6.035      18.46     7.45      DENDP      0
   482      481     0.635     6.067      18.92     7.45      DENDP      0
   483      482     0.7013    6.134      19.28     7.45      DENDP      0
   484      483     0.6654    6.169      19.57     7.45      DENDP      0
   485      484     0.55      6.087      19.93     7.45      DENDP      0
   486      485     0.35      5.691      20.24     7.25      DENDP      0
   487      486     0.15      5.842      20.8      7.15      DENDP      0
   488      487     0.15      6.229      21.02     7.1       DENDP      0
   489      488     0.1       6.771      21.25     6.85      DENDP      0
   490      489     0.05      7.179      21.5      6.85      DENDP      0
   491      447     0.15      3.686      14.03     6.75      DENDP      0
   492      491     0.1       3.973      14.07     7.15      DENDP      0
   493      492     0.0971    4.098      14.06     7.15      DENDP      0
   494      493     0.15      4.329      14.07     7.2       DENDP      0
   495      494     0.1039    4.812      14.11     7.25      DENDP      0
   496      495     0.15      5.269      14.22     7.2       DENDP      0
   497      496     0.1       5.611      14.28     7.5       DENDP      0
   498      497     0.1       6.03       14.11     7.7       DENDP      0
   499      498     0.05      6.398      14.08     7.85      DENDP      0
   500      499     0.15      6.541      13.82     7.85      DENDP      0
   501      500     0.15      6.445      13.57     7.85      DENDD      0
   502      501     0.1292    6.37       13.46     7.45      DENDD      0
   503      502     0.15      6.537      13.54     7.3       DENDD      0
   504      503     0.133     6.619      13.78     6.9       DENDD      0
   505      504     0.2       6.683      14.17     6.6       DENDD      0
   506      505     0.25      6.601      14.56     6.45      DENDD      0
   507      506     0.25      6.713      15.13     6.35      DENDD      0
   508      507     0.1       6.739      15.58     6.2       DENDD      0
   509      502     0.1       5.952      13.28     7.35      DENDD      0
   510      509     0.1       5.526      13.05     7.25      DENDD      0
   511      510     0.1       5.178      12.69     7.3       DENDD      0
   512      511     0.0555    4.892      12.3      7.4       DENDD      0
   513      512     0.1       4.587      11.93     7.45      DENDD      0
   514      439     0.1       1.807      11.78     6.8       DENDP      0
   515      514     0.1       2.117      11.43     7.05      DENDD      0
   516      515     0.15      2.465      11.13     7.15      DENDD      0
   517      516     0.15      2.937      10.94     7.2       DENDD      0
   518      517     0.15      3.373      10.69     7.25      DENDD      0
   519      518     0.15      3.806      10.45     7.25      DENDD      0
   520      519     0.05      4.138      10.24     7.45      DENDD      0
   521       17     1.05      -0.744     10.35     5.25      DENDP      0
   522      521     0.4       -1.045     10.63     5.55      DENDP      0
   523      522     0.25      -1.349     10.95     5.8       DENDP      0
   524      523     0.1       -1.729     11.22     5.95      DENDP      0
   525      524     0.05      -1.975     11.39     6.2       DENDP      0
   526      525     0.1       -2.246     11.32     6.45      DENDP      0
   527      526     0.1       -2.452     10.95     6.45      DENDP      0
   528       16     0.05      -1.018     9.52      5.6       DENDP      0
   529      528     0.1       -1.568     9.494     6.05      DENDP      0
   530      529     0.1       -1.743     9.656     6.1       DENDP      0
   531      530     0.1       -1.97      9.851     6.4       DENDP      0
   532        0     3.85      -0.075     -1.129    0.2       SOMA      0
   533      532     3.65      -0.1005    -2.129    0.45      SOMA      0
   534      533     2.85      -0.06      -2.954    0.65      SOMA      0
   535      534     1.65      -0.0515    -4.544    1.15      SOMA      0
   536       76     0.25      15.46      28.52     5.5       DENDP      0
   537      536     0.2       15.9       28.67     5.65      DENDP      0
   538      537     0.1       16.4       28.69     5.65      DENDP      0
   539      538     0.15      16.87      28.75     5.5       DENDP      0
   540      539     0.15      17.28      29.02     5.5       DENDP      0
   541      540     0.15      17.64      29.37     5.55      DENDP      0
   542      541     0.15      17.99      29.73     5.4       DENDP      0
   543      542     0.4       18.34      30.03     5.25      DENDP      0
   544      543     0.3823    18.62      30.44     5.1       DENDP      0
   545      544     0.3       18.79      30.67     5.05      DENDP      0
   546      545     0.2       19.05      30.77     5.05      DENDP      0
   547      546     0.1225    19.35      30.84     5.1       DENDP      0
   548      547     0.1956    19.46      31.1      5.15      DENDP      0
   549      548     0.2351    19.32      31.36     5.15      DENDP      0
   550      549     0.184     19.28      31.66     5.15      DENDP      0
   551      550     0.2       18.92      31.95     5         DENDP      0
   552      551     0.1849    18.59      32.29     4.65      DENDP      0
   553      552     0.2       18.4       32.68     4.4       DENDP      0
   554      553     0.15      18.27      33.09     4.15      DENDP      0
   555      554     0.15      18.02      33.51     4.1       DENDP      0
   556      555     0.158     17.67      33.82     3.95      DENDP      0
   557      556     0.1797    17.28      34.01     3.65      DENDP      0
   558      557     0.15      16.95      34.17     3.35      DENDP      0
   559      558     0.15      16.75      34.38     3.05      DENDP      0
   560      559     0.2       16.66      34.49     2.8       DENDP      0
   561      560     0.3       16.38      34.51     2.45      DENDP      0
   562      561     0.1763    15.97      34.22     2.5       DENDP      0
   563      562     0.05      15.78      34.08     2.5       DENDP      0
   564      386     0.05      7.989      25.34     8.3       DENDD      0
   565      564     0.1       8.127      25.76     8.55      DENDD      0
   566      565     0.1       8.111      26.29     8.7       DENDD      0
   567      566     0.15      8.27       26.53     8.75      DENDD      0
   568      567     0.15      8.454      26.74     8.85      DENDD      0
   569      568     0.1       8.493      26.96     8.75      DENDD      0
   570      569     0.1       8.433      27.21     8.75      DENDD      0
   571      570     0.05      8.254      27.64     8.75      DENDD      0
   572      571     0.25      8.117      28.08     8.45      DENDD      0
   573      572     0.2       7.987      28.58     8.45      DENDD      0
   574      573     0.35      7.801      28.95     8.45      DENDD      0
   575      574     0.15      7.989      29.43     8.45      DENDD      0
   576      146     0.15      3.891      19.34     6.85      DENDP      0
   577      576     0.15      3.699      19.29     6.85      DENDP      0
   578      577     0.05      3.483      19.18     6.85      DENDP      0
   579       51     0.15      9.052      20.95     6         DENDP      0
   580      579     0.3       8.789      21.13     6         DENDP      0
   581      580     0.15      8.617      21.37     6.2       DENDP      0
   582      581     0.1       8.595      21.64     6.25      DENDP      0
   583      101     0.3       13.5       20.92     7.65      DENDD      0
   584      583     0.35      13.83      20.91     7.8       DENDD      0
   585      584     0.3       14.09      21.01     7.95      DENDD      0
   586      585     0.3       14.34      21.14     8.3       DENDD      0
   587      586     0.5       14.52      21.28     8.15      DENDD      0
   588      587     0.55      14.72      21.35     7.95      DENDD      0
   589      588     0.5       14.89      21.42     8.15      DENDD      0
   590      589     0.1       15.26      21.51     8         DENDD      0
   591      587     0.1       14.31      21.65     8.3       DENDD      0
   592      591     0.1       13.99      21.96     8.35      DENDD      0
   593      592     0.1       13.61      22.17     8.45      DENDD      0
   594      593     0.05      13.44      22.29     8.5       DENDD      0
   595      586     0.05      14.5       21.1      8.5       DENDD      0
   596      595     0.1       14.62      20.93     8.8       DENDD      0
   597      596     0.1       14.66      20.75     8.95      DENDD      0
   598      597     0.2       14.8       20.61     9.3       DENDD      0
   599      598     0.25      14.92      20.72     9.35      DENDD      0
   600      599     0.15      14.9       20.95     9.1       DENDD      0
   601      600     0.1       14.61      21.03     9.75      DENDD      0
   602      601     0.1       14.59      21.38     9.85      DENDD      0
   603      600     0.15      14.99      21.04     9.45      DENDD      0
   604      603     0.1       15.28      21.03     9.55      DENDD      0
   605      604     0.2       15.59      20.87     9.65      DENDD      0
   606      605     0         15.73      20.76     9.65      DENDD      0
   607      529     0.2       -1.576     9.176     6.2       DENDP      0
   608      476     0.2       6.845      17.18     7.9       DENDP      0
   609      608     0.15      6.738      16.99     8.05      DENDD      0
   610      609     0.15      6.596      16.73     8.05      DENDD      0
   611      610     0.1       6.58       16.25     7.95      DENDD      0
   612      611     0.2       6.551      15.79     8.05      DENDD      0
   613      612     0.1       6.58       15.32     8.4       DENDD      0
   614      613     0.15      6.699      15.01     8.45      DENDD      0
   615      470     0.2       9.577      15.63     8.45      DENDD      0
   616      615     0.15      9.672      15.2      8.7       DENDD      0
   617      616     0.2       9.767      14.83     9         DENDD      0
   618      617     0.1       9.868      14.51     9.4       DENDD      0
   619      618     0.15      9.782      14.4      9.55      DENDD      0
   620      619     0.1       9.695      14.56     9.7       DENDD      0
   621      620     0.15      9.739      14.68     10        DENDD      0
   622      621     0.1       9.771      14.5      10.3      DENDD      0
   623      561     0.25      16.44      34.6      2.05      DENDP      0
   624      623     0.1861    16.51      35.01     1.65      DENDP      0
   625      624     0.25      16.26      35.25     1.3       DENDP      0
   626      625     0.2       16.13      35.36     1.2       DENDP      0
   627      626     0.35      16.09      35.47     1.1       DENDP      0
   628      627     0.3658    16.02      35.63     0.9       DENDP      0
   629      628     0.1442    16.01      35.91     1.15      DENDP      0
   630      629     0.1815    16.11      36.27     1.3       DENDP      0
   631      630     0.1272    16.23      36.7      1.5       DENDP      0
   632      631     0.1602    16.62      36.99     1.65      DENDP      0
   633      632     0.1816    16.92      37.38     1.75      DENDP      0
   634      633     0.1617    17.19      37.68     2         DENDP      0
   635      634     0.2       17.26      38.06     2.15      DENDP      0
   636      635     0.4078    17.34      38.25     2.3       DENDP      0
   637      636     0.2       17.4       38.18     2.85      DENDP      0
   638      637     0.15      17.57      38.05     3.3       DENDP      0
   639      638     0.1345    17.78      38.05     3.75      DENDP      0
   640      639     0.15      17.9       38.05     4.25      DENDP      0
   641      640     0.15      17.78      38.05     4.75      DENDP      0
   642      641     0.162     17.86      38.02     5.2       DENDP      0
   643      642     0.1527    18         37.89     5.65      DENDP      0
   644      643     0.15      18.15      37.65     6.1       DENDP      0
   645      644     0.2       18.28      37.38     6.45      DENDP      0
   646      645     0.15      18.28      37.59     6.65      DENDP      0
   647      646     0.1       18.28      37.84     6.85      DENDP      0
   648      645     0.2096    18.35      37.06     6.85      DENDP      0
   649      648     0.2327    18.14      36.88     7.25      DENDP      0
   650      649     0.25      18.12      36.62     7.4       DENDP      0
   651      650     0.3       18.38      36.36     7.55      DENDP      0
   652      651     0.55      18.55      36.04     7.9       DENDP      0
   653      652     0.65      18.84      35.78     8.15      DENDP      0
   654      653     0.6       19.18      35.45     8.65      DENDP      0
   655      654     0.6       19.58      35.32     8.75      DENDP      0
   656      655     0.5       19.84      35.16     8.85      DENDP      0
   657      656     0.178     20.01      35        9.06      DENDP      0
   658      657     0.15      20.18      34.73     9.05      DENDD      0
   659      658     0.2       20.26      34.32     9.05      DENDD      0
   660      659     0.2       20.52      34.07     9.1       DENDD      0
   661      660     0.1134    20.81      33.85     9.05      DENDD      0
   662      661     0.1261    20.86      33.45     9         DENDD      0
   663      662     0.1       21.21      33.15     8.95      DENDD      0
   664      663     0.1       21.44      32.97     8.9       DENDD      0
   665      664     0.1148    21.44      32.91     9.1       DENDD      0
   666      665     0.15      21.69      32.86     9.25      DENDD      0
   667      628     0.2       16.19      35.74     0.65      DENDP      0
   668      667     0.15      16.19      35.87     0.45      DENDP      0
   669      668     0         16.19      35.91     0.35      DENDP      0
   670      323     0.1       -5.471     30.16     5.3       DENDD      0
   671      670     0.15      -5.092     30.31     5.6       DENDD      0
   672      671     0.1179    -4.777     30.41     5.85      DENDD      0
   673      672     0.3       -4.634     30.41     6.15      DENDD      0
   674      673     0.3       -4.49      30.3      6.35      DENDD      0
   675      674     0.1       -4.341     30.21     6.65      DENDD      0
   676      675     0.1       -4.191     30.33     6.85      DENDD      0
   677      676     0.15      -3.989     30.65     7         DENDD      0
   678      677     0.15      -3.595     30.97     6.95      DENDD      0
   679      678     0.15      -3.233     31.01     7.3       DENDD      0
   680      679     0.1       -2.985     30.89     7.7       DENDD      0
   681      680     0.1       -2.886     30.93     8.15      DENDD      0
   682      681     0.1       -2.673     30.87     8.65      DENDD      0
   683      682     0.1       -2.6       30.68     9.1       DENDD      0
   684      683     0.1       -2.625     30.27     9.45      DENDD      0
   685      684     0.2       -2.758     29.88     9.7       DENDD      0
   686      685     0.2       -2.991     29.58     9.95      DENDD      0
   687      686     0.05      -2.936     29.42     10.1      DENDD      0
   688      677     0.05      -4.005     30.7      7.2       DENDD      0
   689      688     0.1       -3.972     30.48     7.3       DENDD      0
   690      689     0.1       -3.39      30.27     7.45      DENDD      0
   691      690     0.15      -3.44      30.28     7.7       DENDD      0
   692      691     0.1       -3.44      30.29     7.9       DENDD      0
   693      314     0.1       -2.819     29.6      4.6       DENDP      0
   694      693     0.05      -2.819     29.73     4.8       DENDP      0
   695      289     0.1       2.365      37.62     2.9       DENDD      0
   696      220     0.15      4.141      38.15     0.15      DENDP      0
   697      434     0.15      0.1825     15.41     4.45      DENDP      0
   698      697     0.1       0.0535     15.63     4.45      DENDP      0
   699      294     0.15      3.714      37.9      4.8       DENDD      0
   700      699     0.1       3.607      37.63     4.9       DENDD      0
   701      700     0.05      3.5        37.32     5.1       DENDD      0
   702      701     0.15      3.865      37.2      5.55      DENDD      0
   703      702     0.1       3.896      36.86     5.9       DENDD      0
   704      703     0.25      3.906      36.66     6.3       DENDD      0
   705      704     0.129     3.589      36.68     6.53      DENDD      0
   706      705     0.226     3.589      36.77     6.78      DENDD      0
   707      706     0.1       3.439      36.85     7.07      DENDD      0
   708       86     0.1       17.21      27.02     6.75      DENDD      0
   709      708     0.1       17.49      27.17     6.45      DENDD      0
   710      709     0.1       17.76      27.19     6.45      DENDD      0
   711      710     0.1       18.06      27.2      6.45      DENDD      0
   712      711     0.1       18.39      27.22     6.45      DENDD      0
   713      712     0.1       18.7       27.49     6.45      DENDD      0
   714      713     0.1       18.98      27.64     6.45      DENDD      0
   715      714     0.1       19.13      27.83     6.35      DENDD      0
   716      715     0.1       19.13      28.21     5.9       DENDD      0
   717       87     0.2       17.68      26.46     6.95      DENDD      0
   718      717     0.1       17.98      26.53     6.95      DENDD      0
   719      718     0.15      18.17      26.98     6.85      DENDD      0
   720      719     0.1       18.18      27.37     6.8       DENDD      0
   721      720     0.1       18.52      27.49     6.85      DENDD      0
   722      721     0.1       18.73      27.6      6.85      DENDD      0
   723      722     0.1       18.81      27.73     7.1       DENDD      0
   724      723     0.1       18.56      27.88     7.1       DENDD      0
   725      724     0.1       18.31      27.87     7.05      DENDD      0
   726      723     0.1       18.89      27.51     7.35      DENDD      0
   727      726     0.1       19.12      27.58     7.4       DENDD      0
   728      727     0.1       19.46      27.75     7.4       DENDD      0
   729      728     0.15      19.92      27.69     7.7       DENDD      0
   730      729     0.1       20.15      27.72     8.15      DENDD      0
   731      730     0.1       20.27      27.84     8.6       DENDP      0
   732      731     0.1       20.45      27.86     9.05      DENDD      0
   733      732     0.1006    20.24      27.82     9.52      DENDD      0
   734      733     0.13      20.2       27.47     9.85      DENDD      0
   735      734     0.1107    20.74      27.28     10.1      DENDD      0
   736      735     0.1       20.74      27.61     10.3      DENDD      0
   737      734     0.1       20.15      27.79     10.1      DENDD      0
   738      737     0.1       20.2       28.13     10.2      DENDD      0
   739      621     0.05      9.539      14.91     9.9       DENDD      0
   740      112     0.05      11.69      23.05     7.2       DENDD      0
   741      740     0.1       11.64      22.84     7.05      DENDD      0
   742      741     0.1       11.49      22.86     6.75      DENDD      0
   743      251     0.2247    -1.38      44.26     2.64      DENDP      0
   744      743     0.09412   -1.63      44.29     2.88      DENDP      0
   745      744     0.1258    -1.63      44.58     3.08      DENDP      0
   746      745     0.09138   -1.38      44.68     3.38      DENDP      0
   747      746     0.09291   -1.23      44.68     3.77      DENDD      0
   748      747     0.1458    -1.23      44.51     4.15      DENDD      0
   749      748     0.0858    -1.38      44.38     4.24      DENDD      0
   750      749     0.09148   -1.53      44.73     3.91      DENDD      0
   751      750     0.1401    -1.53      44.95     3.76      DENDD      0
   752      751     0.1226    -1.38      45.22     3.67      DENDD      0
   753      752     0.1324    -1.38      45.67     3.71      DENDD      0
   754      753     0.1275    -1.23      45.83     3.95      DENDD      0
   755      754     0.09138   -0.98      45.66     4.14      DENDD      0
   756      755     0.1138    -0.58      45.74     4.36      DENDD      0
   757      756     0.1761    -0.43      45.89     4.66      DENDD      0
   758      757     0.1574    -0.43      46.15     4.73      DENDD      0
   759      758     0.1006    -0.43      46.4      4.67      DENDD      0
   760      759     0.1344    -0.43      46.48     4.98      DENDD      0
   761      760     0.1105    -0.68      46.63     5.1       DENDD      0
   762      761     0.1439    -0.78      46.7      5.31      DENDD      0
   763      762     0.1675    -0.78      46.71     5.57      DENDD      0
   764      763     0.171     -0.78      46.6      5.79      DENDD      0
   765      764     0.1091    -0.68      46.47     6.04      DENDD      0
   766      765     0.1858    -0.58      46.36     6.26      DENDD      0
   767      766     0.141     -0.93      46.27     6.28      DENDD      0
   768      767     0.1601    -1.03      46.17     6.48      DENDD      0
   769      768     0.1617    -1.03      46.38     6.64      DENDD      0
   770      769     0.1291    -0.88      46.48     6.83      DENDD      0
   771      770     0.1294    -0.88      46.35     7.04      DENDD      0
   772      771     0.1547    -0.93      46.14     7.11      DENDD      0
   773      772     0.2757    -0.93      45.96     7.27      DENDD      0
   774      773     0.05762   -0.93      45.89     7.48      DENDD      0
   775      664     0.131     21.89      33        8.65      DENDD      0
   776      775     0.1546    22.07      32.93     8.7       DENDD      0
   777      776     0.2007    22.17      32.78     8.87      DENDD      0
   778      777     0.09575   22.17      32.63     9.14      DENDD      0
   779      778     0.08968   22.17      32.49     9.27      DENDD      0
   780      779     0.07731   22.17      32.31     9.4       DENDD      0
   781      780     0.09985   22.17      32.06     9.41      DENDD      0
   782      781     0.1415    22.22      31.84     9.3       DENDD      0
   783      782     0.08671   22.32      31.81     9.11      DENDD      0
   784      783     0.09317   22.02      31.83     8.98      DENDD      0
   785      784     0.05146   21.62      31.78     8.98      DENDD      0
   786      783     0.1167    22.52      31.67     9.03      DENDD      0
   787      786     0.1364    22.52      31.45     8.96      DENDD      0
   788      787     0.1171    22.62      31.25     8.92      DENDD      0
   789      788     0.1166    22.62      30.98     8.96      DENDD      0
   790      789     0.104     22.52      30.84     9.21      DENDD      0
   791      790     0.08398   22.52      30.72     9.38      DENDD      0
   792      791     0.09014   22.52      30.61     9.53      DENDD      0
   793      792     0.09741   22.47      30.46     9.69      DENDD      0
   794      793     0.0988    22.37      30.32     9.82      DENDD      0
   795      794     0.1471    22.32      30.16     9.95      DENDD      0
   796      795     0.1119    22.22      30.09     10.1      DENDD      0
   797      796     0.05871   22.17      30.06     10.2      DENDD      0
   798      483     0.2415    5.27       19.62     7.74      DENDP      0
   799      798     0.1503    5.27       20.01     7.89      DENDP      0
   800      799     0.1256    5.27       20.49     7.95      DENDP      0
   801      800     0.1864    5.27       20.83     7.94      DENDP      0
   802      801     0.1625    5.32       21.29     7.88      DENDP      0
   803      802     0.1443    5.52       21.75     7.73      DENDP      0
   804      803     0.2944    5.77       22.45     7.78      DENDP      0
   805      804     0.6156    6.02       23.06     8.1       DENDP      0
   806      805     0.6345    6.02       23.69     8.42      DENDP      0
   807      806     0.5172    6.02       24.07     8.83      DENDP      0
   808      807     0.2774    6.27       24.66     9.13      DENDP      0
   809      808     0.1716    6.27       25.05     9.12      DENDP      0
   810      809     0.1075    6.42       25.31     8.85      DENDP      0
   811      810     0.2295    6.47       25.77     8.64      DENDP      0
   812      811     0.1275    6.57       25.78     8.24      DENDP      0
   813      812     0.1318    6.62       25.64     7.87      DENDP      0
   814      813     0.1118    6.72       25.46     7.74      DENDP      0
   815      809     0.1544    6.12       25.34     9.31      DENDD      0
   816      815     0.1425    6.02       25.73     9.41      DENDD      0
   817      816     0.1202    6.02       26.17     9.54      DENDD      0
   818      817     0.1365    5.92       26.57     9.53      DENDD      0
   819      818     0.1214    5.92       26.94     9.36      DENDD      0
   820      819     0.1346    5.77       27.32     9.21      DENDD      0
   821      820     0.2253    5.67       27.79     9.01      DENDD      0
   822      821     0.2115    5.52       28.56     8.83      DENDD      0
   823      822     0.4161    5.32       29.08     8.46      DENDD      0
   824      823     0.2753    5.32       29.43     8.18      DENDD      0
   825      824     0.1698    5.17       29.86     8.17      DENDD      0
   826      825     0.1352    5.02       30.26     8.48      DENDD      0
   827      826     0.1163    4.62       30.6      8.69      DENDD      0
   828      827     0.2531    3.87       31.14     8.59      DENDD      0
   829      827     0.3345    3.57       31.21     8.37      DENDD      0
   830      829     0.2838    3.07       31.23     8.42      DENDD      0
   831      830     0.2098    2.67       31.25     8.57      DENDD      0
   832      831     0.1179    2.47       31.25     8.78      DENDD      0
   833      832     0.1623    2.07       30.88     8.96      DENDD      0
   834      833     0.1068    1.92       30.59     9.16      DENDD      0
   835      834     0.1192    1.87       30.24     9.34      DENDD      0
   836      835     0.1121    1.72       29.98     9.53      DENDD      0
   837      836     0.148     1.77       29.84     9.57      DENDD      0
   838      837     0.1324    1.77       29.74     9.84      DENDD      0
   839      838     0.0859    1.57       29.66     9.97      DENDD      0
   840      837     0.1062    1.82       29.58     9.47      DENDD      0
   841      840     0.1042    1.82       29.35     9.61      DENDD      0
   842      806     0.3084    6.52       24.14     9.11      DENDP      0
   843      842     0.1505    6.82       23.93     9.34      DENDD      0
   844      843     0.1314    7.02       23.9      9.61      DENDD      0
   845      844     0.1305    7.27       23.89     9.66      DENDD      0
   846      845     0.155     7.47       23.91     9.64      DENDD      0
   847      846     0.179     7.57       23.81     9.86      DENDD      0
   848      847     0.1637    7.57       23.66     10.1      DENDD      0
   849      848     0.1551    7.47       23.73     10.3      DENDD      0
   850      849     0.1211    7.47       23.52     10.5      DENDD      0
   851      850     0.1948    7.47       23.4      10.7      DENDD      0
   852      851     0.06667   7.47       23.4      10.9      DENDD      0
   853      346     0.1062    -0.2325    27.66     9.4       DENDD      0
   854      853     0.09727   -0.0825    27.28     9.51      DENDD      0
   855      844     0.1106    6.92       24.11     9.78      DENDD      0
   856      855     0.0952    6.87       24.19     9.9       DENDD      0
   857      856     0.09405   7.02       24.23     10        DENDD      0
   858      472     0.1472    9.265      15.52     9.1       DENDD      0
   859      858     0.1334    8.915      15.66     8.98      DENDD      0
   860      859     0.1434    8.814      15.72     8.66      DENDD      0
   861      860     0.1251    8.564      15.99     8.6       DENDD      0
   862      861     0.1237    8.215      16.05     8.65      DENDD      0
   863      862     0.1494    8.015      16.01     8.85      DENDD      0
   864      863     0.1298    8.015      15.92     9.18      DENDD      0
   865      864     0.2117    7.865      16.04     9.45      DENDD      0
   866      865     0.1329    7.414      15.6      9.38      DENDD      0
   867      866     0.1415    7.215      15.4      9.54      DENDD      0
   868      867     0.2052    7.215      15.19     9.88      DENDD      0
   869      868     0.1202    7.215      15.56     10.1      DENDD      0
   870      869     0.1017    7.215      15.74     10.4      DENDD      0
   871      870     0.1769    7.064      15.92     10.6      DENDD      0
   872      871     0.2888    7.064      16.19     10.8      DENDD      0
   873      872     0.2183    7.064      16.45     10.9      DENDD      0
   874      871     0.1101    7.265      15.63     10.8      DENDD      0
   875      874     0.1308    7.265      15.62     11.1      DENDD      0
   876      868     0.1078    7.365      15.02     10.1      DENDD      0
   877      876     0.1522    7.465      15.03     10.4      DENDD      0
   878      877     0.3063    7.564      15.15     10.6      DENDD      0
   879      878     0.08113   7.564      15.24     10.7      DENDD      0
   880      609     0.1       6.823      16.85     8.35      DENDD      0
   881      880     0.2       7.016      16.89     8.8       DENDD      0
   882      881     0.1       6.949      17.03     9.2       DENDD      0
   883      882     0.1       6.536      16.86     9.4       DENDD      0
   884      883     0.15      6.346      16.59     9.75      DENDD      0
   885      884     0.1       6.121      16.32     10.1      DENDD      0
   886      885     0.1       5.713      16.23     10.4      DENDD      0
   887      886     0.15      5.57       15.8      10.5      DENDD      0
   888      887     0.15      5.584      15.57     10.6      DENDD      0
   889      888     0.153     5.534      15.28     10.5      DENDD      0
   890      888     0.1215    5.584      15.62     11        DENDD      0
   891      447     0.1194    3.691      13.55     6.79      DENDP      0
   892      891     0.1305    3.441      13.41     7         DENDP      0
   893      892     0.1264    3.291      13.29     7.23      DENDP      0
   894      893     0.1624    3.291      13.11     7.33      DENDP      0
   895      894     0.1094    3.091      12.9      7.37      DENDP      0
   896      895     0.2426    2.841      12.91     7.35      DENDP      0
   897      896     0.2533    2.49       13.01     7.44      DENDP      0
   898      897     0.1305    2.391      13.15     7.68      DENDP      0
   899      898     0.1064    2.391      13.21     7.93      DENDD      0
   900      899     0.09694   2.391      13.19     8.14      DENDD      0
   901      900     0.1083    2.441      13.15     8.35      DENDD      0
   902      901     0.1526    2.541      13.2      8.56      DENDD      0
   903      902     0.1441    2.691      13.02     8.64      DENDD      0
   904      903     0.122     2.691      12.82     8.63      DENDD      0
   905      904     0.1441    2.691      12.6      8.7       DENDD      0
   906      905     0.1288    2.74       12.37     8.59      DENDD      0
   907      906     0.1269    2.74       12.16     8.45      DENDD      0
   908      907     0.1041    2.691      12.02     8.29      DENDD      0
   909      908     0.1344    2.691      11.93     8.13      DENDD      0
   910      909     0.1014    2.541      11.64     8.27      DENDD      0
   911      910     0.1028    2.441      11.61     8.48      DENDD      0
   912      911     0.1434    2.191      11.54     8.62      DENDD      0
   913      912     0.1582    1.941      11.52     8.78      DENDD      0
   914      913     0.1532    1.59       11.44     8.94      DENDD      0
   915      914     0.1142    1.391      11.47     9.11      DENDD      0
   916      915     0.1003    1.391      11.59     9.25      DENDD      0
   917      916     0.1211    0.9905     11.73     9.33      DENDD      0
   918      917     0.1255    0.9905     11.96     9.41      DENDD      0
   919      918     0.1104    1.041      12.06     9.58      DENDD      0
   920      919     0.1301    1.091      11.96     9.76      DENDD      0
   921      920     0.114     1.091      12.05     9.97      DENDD      0
   922      921     0.1092    1.141      12.2      10.1      DENDD      0
   923      922     0.1075    1.141      12.47     10.1      DENDD      0
   924      923     0.107     1.24       12.49     10.3      DENDD      0
   925      924     0.1121    1.24       12.38     10.5      DENDD      0
   926      925     0.1466    1.24       12.29     10.7      DENDD      0
   927      926     0.09561   1.24       12.28     10.9      DENDD      0
   928      927     0.2228    1.24       12.24     11.1      DENDD      0
   929      928     0.271     1.24       12.31     11.2      DENDD      0
   930      929     0.1324    1.24       12.34     11.4      DENDD      0
   931      909     0.1149    2.891      12.16     7.97      DENDD      0
   932      931     0.1194    2.99       12.4      7.93      DENDD      0
   933      932     0.122     2.99       12.65     7.92      DENDD      0
   934      933     0.1405    2.99       12.89     7.99      DENDD      0
   935      934     0.1183    2.941      13.07     8.02      DENDD      0
   936      935     0.1108    2.891      13.26     8.05      DENDD      0
   937      936     0.08883   2.841      13.46     8.15      DENDD      0
   938      937     0.1035    2.74       13.71     8.15      DENDD      0
   939      938     0.1742    2.74       13.9      8         DENDD      0
   940      939     0.1171    2.49       14        8.09      DENDD      0
   941      940     0.09191   2.441      14.1      8.24      DENDD      0
   942      941     0.1225    2.441      14.22     8.28      DENDD      0
   943      942     0.1149    2.441      14.46     8.28      DENDD      0
   944      943     0.1124    2.24       14.51     8.29      DENDD      0
   945      944     0.1176    1.99       14.37     8.41      DENDD      0
   946      945     0.1341    1.99       14.36     8.64      DENDD      0
   947      946     0.1746    1.74       14.46     8.85      DENDD      0
   948      947     0.1695    1.74       14.52     9.09      DENDD      0
   949      948     0.1366    1.691      14.6      9.29      DENDD      0
   950      949     0.09205   1.691      14.68     9.54      DENDD      0
   951      950     0.1606    1.691      14.61     9.83      DENDD      0
   952      951     0.1002    1.59       14.72     10        DENDD      0
   953      952     0.1101    1.541      14.68     10.2      DENDD      0
   954      953     0.1152    1.541      14.55     10.5      DENDD      0
   955      954     0.09592   1.391      14.78     10.6      DENDD      0
   956      955     0.1352    1.391      14.58     10.9      DENDD      0
   957      956     0.136     1.391      14.33     10.9      DENDD      0
   958      957     0.1884    1.34       14.18     11.2      DENDD      0
   959      958     0.1544    1.34       14.35     11.4      DENDD      0
   960      959     0.1962    1.59       14.71     11.5      DENDD      0
   961      444     0.1       2.995      13.12     6.45      DENDP      0
   962      961     0.137     3.095      13.1      6.67      DENDP      0
   963      962     0.1094    3.295      12.96     6.65      DENDP      0
   964      963     0.15      3.345      12.82     6.59      DENDP      0
   965      964     0.1324    3.345      12.61     6.71      DENDP      0
   966      965     0.1099    3.395      12.37     6.73      DENDP      0
   967      966     0.1288    3.395      12.07     6.85      DENDP      0
   968      967     0.1435    3.095      11.98     6.9       DENDP      0
   969      968     0.138     2.895      11.86     6.97      DENDP      0
   970      969     0.1376    2.745      11.72     7.15      DENDP      0
   971      970     0.1122    2.845      11.63     7.38      DENDP      0
   972      971     0.1329    2.87       11.75     7.53      DENDP      0
   973      972     0.1249    3.02       11.9      7.58      DENDP      0
   974      973     0.1385    3.17       11.85     7.62      DENDP      0
   975      974     0.1167    3.22       11.7      7.85      DENDP      0
   976      975     0.1595    3.22       11.58     8.05      DENDP      0
   977      976     0.1734    3.07       11.54     8.25      DENDP      0
   978      977     0.1651    3.07       11.32     8.24      DENDD      0
   979      978     0.1157    3.22       11.13     8.3       DENDD      0
   980      979     0.1283    3.22       11.03     8.51      DENDD      0
   981      980     0.1721    3.22       11.09     8.75      DENDD      0
   982      981     0.1373    3.22       11.28     8.95      DENDD      0
   983      982     0.1108    3.42       11.4      9.17      DENDD      0
   984      983     0.1276    3.42       11.59     9.27      DENDD      0
   985      984     0.1291    3.27       11.6      9.5       DENDD      0
   986      985     0.1461    3.22       11.31     9.75      DENDD      0
   987      986     0.1969    3.22       11.12     9.93      DENDD      0
   988      987     0.1314    3.17       11.16     10.2      DENDD      0
   989      988     0.1989    3.32       11.28     10.4      DENDD      0
   990      989     0.1127    3.32       11.19     10.6      DENDD      0
   991      977     0.228     2.87       11.6      8.25      DENDD      0
   992      991     0.1649    2.92       11.74     8.26      DENDD      0
   993      992     0.1163    2.92       11.88     8.34      DENDD      0
   994      993     0.08415   2.941      12.05     8.45      DENDD      0
   995      994     0.0825    3.141      12.21     8.5       DENDD      0
   996      995     0.1051    3.141      12.37     8.64      DENDD      0
   997      996     0.1338    3.291      12.53     8.74      DENDD      0
   998      997     0.1175    3.391      12.77     8.84      DENDD      0
   999      998     0.1173    3.391      13        8.94      DENDD      0
  1000      999     0.1041    3.391      13.14     9.06      DENDD      0
  1001     1000     0.1272    3.541      13.37     9.22      DENDD      0
  1002     1001     0.1266    3.541      13.64     9.3       DENDD      0
  1003     1002     0.1068    3.441      13.83     9.49      DENDD      0
  1004     1003     0.1347    3.441      13.93     9.69      DENDD      0
  1005     1004     0.1034    3.291      13.98     9.9       DENDD      0
  1006     1005     0.1052    3.291      13.85     10.1      DENDD      0
  1007     1006     0.1427    3.041      13.84     10.2      DENDD      0
  1008     1007     0.1646    2.941      13.84     10.7      DENDD      0
  1009     1008     0.1648    2.74       13.58     10.9      DENDD      0
  1010     1009     0.1419    2.841      13.52     11.2      DENDD      0
  1011      974     0.1084    3.32       11.97     7.49      DENDP      0
  1012     1011     0.1462    3.32       11.97     7.29      DENDP      0
  1013     1012     0.1577    3.32       11.99     7.13      DENDP      0
  1014     1013     0.1729    3.52       11.95     7.1       DENDP      0
  1015     1014     0.1167    3.72       11.97     7.11      DENDP      0
  1016     1015     0.1063    3.92       12.09     7.09      DENDP      0
  1017     1016     0.1227    4.17       12.21     7.13      DENDP      0
  1018      962     0.126     3.195      13.12     6.92      DENDP      0
  1019     1018     0.1122    3.145      12.91     7.08      DENDP      0
  1020     1019     0.1356    3.145      12.62     7.14      DENDP      0
  1021     1020     0.1081    3.095      12.38     7.14      DENDP      0
  1022     1021     0.112     2.945      12.31     7.23      DENDP      0
  1023     1022     0.1943    2.795      12.05     7.53      DENDP      0
  1024     1023     0.1078    2.595      12.41     7.17      DENDP      0
  1025     1024     0.1356    2.345      12.51     7.06      DENDP      0
  1026     1025     0.1532    1.995      12.75     7.23      DENDD      0
  1027     1026     0.1539    1.795      12.9      7.37      DENDD      0
  1028     1027     0.1042    1.595      12.97     7.5       DENDD      0
  1029     1028     0.08666   1.395      13.06     7.79      DENDD      0
  1030     1029     0.1812    1.195      13.05     8.05      DENDD      0
  1031     1030     0.1441    1.095      12.95     8.27      DENDD      0
  1032     1031     0.1431    1.095      12.85     8.51      DENDD      0
  1033     1032     0.1295    0.945      12.78     8.69      DENDD      0
  1034     1033     0.1367    0.945      12.73     8.95      DENDD      0
  1035     1034     0.1003    0.945      13.01     9.16      DENDD      0
  1036     1035     0.123     0.945      13.19     9.3       DENDD      0
  1037     1036     0.1063    1.195      12.99     9.49      DENDD      0
  1038     1037     0.1534    1.195      13.06     9.68      DENDD      0
  1039     1038     0.1655    1.195      13.18     9.81      DENDD      0
  1040     1039     0.13      1.195      13.02     9.93      DENDD      0
  1041     1040     0.1316    1.195      12.97     10.1      DENDD      0
  1042     1041     0.1206    1.145      13.12     10.2      DENDD      0
  1043     1042     0.1103    1.295      13.08     10.4      DENDD      0
  1044     1043     0.1716    1.295      12.88     10.7      DENDD      0
  1045     1044     0.1424    1.295      12.93     11        DENDD      0
  1046     1045     0.1432    1.295      12.96     11.2      DENDD      0
  1047     1046     0.1659    1.095      13.06     11.3      DENDD      0
  1048     1047     0.06897   1.095      13.16     11.4      DENDD      0
  1049      441     0.2       2.193      12.75     6.5       DENDP      0
  1050     1049     0.1       2.218      13.05     6.9       DENDD      0
  1051     1050     0.1       2.393      13.12     7.05      DENDD      0
  1052     1051     0.0825    2.643      13.27     7.17      DENDD      0
  1053     1052     0.1088    2.793      13.38     7.16      DENDD      0
  1054     1053     0.08671   2.793      13.53     7.06      DENDD      0
  1055     1054     0.1156    2.793      13.7      6.95      DENDD      0
