2.001000000000000000e+03 8.380000000000000000e+02 9.490000000000000000e+02
2.004000000000000000e+03 9.090000000000000000e+02 9.460000000000000000e+02
2.005000000000000000e+03 8.460000000000000000e+02 9.330000000000000000e+02
2.006000000000000000e+03 8.470000000000000000e+02 9.370000000000000000e+02
2.007000000000000000e+03 8.390000000000000000e+02 9.200000000000000000e+02
2.008000000000000000e+03 8.500000000000000000e+02 9.480000000000000000e+02
2.009000000000000000e+03 8.500000000000000000e+02 9.530000000000000000e+02
2.010000000000000000e+03 8.130000000000000000e+02 9.420000000000000000e+02
2.011000000000000000e+03 8.790000000000000000e+02 9.690000000000000000e+02
2.012000000000000000e+03 8.610000000000000000e+02 9.290000000000000000e+02
2.013000000000000000e+03 8.370000000000000000e+02 9.020000000000000000e+02
2.014000000000000000e+03 8.230000000000000000e+02 9.150000000000000000e+02
2.015000000000000000e+03 8.750000000000000000e+02 9.580000000000000000e+02
2.017000000000000000e+03 8.820000000000000000e+02 9.610000000000000000e+02
2.019000000000000000e+03 8.680000000000000000e+02 9.280000000000000000e+02
2.020000000000000000e+03 8.350000000000000000e+02 9.130000000000000000e+02
2.021000000000000000e+03 8.100000000000000000e+02 8.740000000000000000e+02
2.023000000000000000e+03 8.240000000000000000e+02 9.110000000000000000e+02
2.024000000000000000e+03 8.800000000000000000e+02 9.470000000000000000e+02
2.025000000000000000e+03 8.680000000000000000e+02 9.400000000000000000e+02
2.026000000000000000e+03 8.440000000000000000e+02 9.340000000000000000e+02
2.028000000000000000e+03 8.610000000000000000e+02 9.290000000000000000e+02
2.029000000000000000e+03 8.520000000000000000e+02 9.100000000000000000e+02
2.030000000000000000e+03 8.340000000000000000e+02 9.200000000000000000e+02
2.031000000000000000e+03 8.800000000000000000e+02 9.530000000000000000e+02
2.032000000000000000e+03 7.720000000000000000e+02 9.320000000000000000e+02
2.033000000000000000e+03 8.600000000000000000e+02 9.470000000000000000e+02
2.034000000000000000e+03 8.840000000000000000e+02 9.430000000000000000e+02
2.036000000000000000e+03 8.550000000000000000e+02 9.410000000000000000e+02
2.061000000000000000e+03 8.430000000000000000e+02 9.200000000000000000e+02
2.062000000000000000e+03 8.450000000000000000e+02 9.510000000000000000e+02
2.063000000000000000e+03 8.380000000000000000e+02 9.350000000000000000e+02
2.064000000000000000e+03 8.680000000000000000e+02 9.430000000000000000e+02
2.066000000000000000e+03 8.770000000000000000e+02 9.660000000000000000e+02
2.067000000000000000e+03 8.970000000000000000e+02 9.690000000000000000e+02
2.068000000000000000e+03 8.450000000000000000e+02 9.360000000000000000e+02
2.069000000000000000e+03 8.540000000000000000e+02 9.500000000000000000e+02
2.070000000000000000e+03 8.630000000000000000e+02 9.390000000000000000e+02
2.071000000000000000e+03 8.560000000000000000e+02 9.140000000000000000e+02
2.072000000000000000e+03 8.990000000000000000e+02 9.550000000000000000e+02
2.073000000000000000e+03 9.360000000000000000e+02 9.720000000000000000e+02
2.074000000000000000e+03 9.110000000000000000e+02 9.560000000000000000e+02
2.075000000000000000e+03 8.080000000000000000e+02 9.010000000000000000e+02
2.076000000000000000e+03 8.500000000000000000e+02 9.340000000000000000e+02
2.077000000000000000e+03 8.750000000000000000e+02 9.480000000000000000e+02
2.078000000000000000e+03 8.820000000000000000e+02 9.420000000000000000e+02
2.079000000000000000e+03 8.640000000000000000e+02 9.400000000000000000e+02
2.080000000000000000e+03 8.370000000000000000e+02 9.300000000000000000e+02
2.081000000000000000e+03 8.550000000000000000e+02 9.410000000000000000e+02
2.082000000000000000e+03 8.630000000000000000e+02 9.480000000000000000e+02
2.083000000000000000e+03 8.620000000000000000e+02 9.300000000000000000e+02
2.084000000000000000e+03 8.890000000000000000e+02 9.530000000000000000e+02
2.085000000000000000e+03 8.610000000000000000e+02 9.380000000000000000e+02
2.086000000000000000e+03 8.790000000000000000e+02 9.550000000000000000e+02
2.087000000000000000e+03 8.750000000000000000e+02 9.630000000000000000e+02
2.088000000000000000e+03 8.560000000000000000e+02 9.270000000000000000e+02
2.089000000000000000e+03 8.900000000000000000e+02 9.550000000000000000e+02
2.090000000000000000e+03 8.550000000000000000e+02 9.420000000000000000e+02
2.091000000000000000e+03 8.680000000000000000e+02 9.480000000000000000e+02
2.092000000000000000e+03 8.190000000000000000e+02 9.080000000000000000e+02
2.093000000000000000e+03 8.620000000000000000e+02 9.430000000000000000e+02
2.094000000000000000e+03 9.000000000000000000e+02 9.670000000000000000e+02
2.095000000000000000e+03 8.560000000000000000e+02 9.510000000000000000e+02
2.096000000000000000e+03 8.780000000000000000e+02 9.690000000000000000e+02
2.097000000000000000e+03 8.640000000000000000e+02 9.580000000000000000e+02
2.098000000000000000e+03 8.890000000000000000e+02 9.620000000000000000e+02
2.099000000000000000e+03 8.760000000000000000e+02 9.570000000000000000e+02
2.100000000000000000e+03 8.510000000000000000e+02 9.230000000000000000e+02
2.101000000000000000e+03 8.390000000000000000e+02 9.150000000000000000e+02
2.102000000000000000e+03 8.400000000000000000e+02 9.070000000000000000e+02
2.103000000000000000e+03 8.790000000000000000e+02 9.530000000000000000e+02
2.104000000000000000e+03 8.610000000000000000e+02 9.380000000000000000e+02
2.106000000000000000e+03 8.720000000000000000e+02 9.410000000000000000e+02
2.107000000000000000e+03 8.580000000000000000e+02 9.570000000000000000e+02
2.108000000000000000e+03 8.480000000000000000e+02 9.330000000000000000e+02
2.109000000000000000e+03 8.610000000000000000e+02 9.460000000000000000e+02
2.110000000000000000e+03 8.840000000000000000e+02 9.630000000000000000e+02
2.111000000000000000e+03 8.870000000000000000e+02 9.690000000000000000e+02
2.112000000000000000e+03 8.740000000000000000e+02 9.620000000000000000e+02
2.113000000000000000e+03 8.570000000000000000e+02 9.430000000000000000e+02
2.114000000000000000e+03 8.470000000000000000e+02 9.340000000000000000e+02
2.115000000000000000e+03 8.950000000000000000e+02 9.760000000000000000e+02
2.117000000000000000e+03 8.660000000000000000e+02 9.340000000000000000e+02
2.119000000000000000e+03 8.630000000000000000e+02 9.420000000000000000e+02
2.120000000000000000e+03 8.840000000000000000e+02 9.610000000000000000e+02
2.121000000000000000e+03 8.430000000000000000e+02 9.340000000000000000e+02
2.123000000000000000e+03 8.960000000000000000e+02 9.750000000000000000e+02
2.125000000000000000e+03 9.080000000000000000e+02 1.001000000000000000e+03
2.126000000000000000e+03 9.130000000000000000e+02 1.002000000000000000e+03
2.127000000000000000e+03 9.140000000000000000e+02 9.980000000000000000e+02
2.128000000000000000e+03 8.720000000000000000e+02 9.830000000000000000e+02
2.129000000000000000e+03 9.050000000000000000e+02 9.740000000000000000e+02
2.130000000000000000e+03 9.460000000000000000e+02 1.019000000000000000e+03
2.132000000000000000e+03 8.570000000000000000e+02 9.260000000000000000e+02
2.133000000000000000e+03 8.620000000000000000e+02 9.620000000000000000e+02
2.134000000000000000e+03 9.010000000000000000e+02 9.720000000000000000e+02
2.135000000000000000e+03 8.910000000000000000e+02 9.720000000000000000e+02
2.136000000000000000e+03 8.750000000000000000e+02 9.740000000000000000e+02
2.137000000000000000e+03 9.060000000000000000e+02 9.810000000000000000e+02
2.138000000000000000e+03 9.180000000000000000e+02 9.930000000000000000e+02
2.140000000000000000e+03 9.140000000000000000e+02 1.013000000000000000e+03
2.141000000000000000e+03 9.270000000000000000e+02 1.017000000000000000e+03
2.142000000000000000e+03 9.650000000000000000e+02 1.044000000000000000e+03
2.143000000000000000e+03 9.160000000000000000e+02 1.006000000000000000e+03
2.145000000000000000e+03 9.230000000000000000e+02 1.003000000000000000e+03
2.146000000000000000e+03 9.470000000000000000e+02 1.018000000000000000e+03
2.147000000000000000e+03 8.640000000000000000e+02 9.370000000000000000e+02
2.148000000000000000e+03 8.580000000000000000e+02 9.280000000000000000e+02
2.150000000000000000e+03 8.770000000000000000e+02 9.500000000000000000e+02
2.151000000000000000e+03 8.390000000000000000e+02 9.060000000000000000e+02
2.152000000000000000e+03 8.940000000000000000e+02 9.540000000000000000e+02
2.153000000000000000e+03 9.010000000000000000e+02 9.710000000000000000e+02
2.154000000000000000e+03 8.470000000000000000e+02 9.490000000000000000e+02
2.155000000000000000e+03 8.550000000000000000e+02 9.380000000000000000e+02
2.156000000000000000e+03 8.670000000000000000e+02 9.610000000000000000e+02
2.157000000000000000e+03 8.740000000000000000e+02 9.440000000000000000e+02
2.158000000000000000e+03 8.830000000000000000e+02 9.480000000000000000e+02
2.160000000000000000e+03 8.280000000000000000e+02 9.110000000000000000e+02
2.162000000000000000e+03 8.580000000000000000e+02 9.340000000000000000e+02
2.163000000000000000e+03 8.210000000000000000e+02 9.360000000000000000e+02
2.164000000000000000e+03 8.100000000000000000e+02 9.050000000000000000e+02
2.165000000000000000e+03 8.250000000000000000e+02 9.000000000000000000e+02
2.166000000000000000e+03 8.370000000000000000e+02 9.100000000000000000e+02
2.167000000000000000e+03 8.400000000000000000e+02 9.250000000000000000e+02
2.168000000000000000e+03 8.430000000000000000e+02 9.190000000000000000e+02
2.169000000000000000e+03 8.790000000000000000e+02 9.510000000000000000e+02
2.170000000000000000e+03 8.650000000000000000e+02 9.530000000000000000e+02
2.171000000000000000e+03 8.750000000000000000e+02 9.490000000000000000e+02
2.172000000000000000e+03 8.900000000000000000e+02 9.550000000000000000e+02
2.173000000000000000e+03 8.720000000000000000e+02 9.450000000000000000e+02
2.175000000000000000e+03 8.780000000000000000e+02 9.670000000000000000e+02
2.176000000000000000e+03 8.550000000000000000e+02 9.420000000000000000e+02
2.177000000000000000e+03 8.250000000000000000e+02 9.470000000000000000e+02
2.178000000000000000e+03 8.630000000000000000e+02 9.320000000000000000e+02
2.179000000000000000e+03 8.690000000000000000e+02 9.440000000000000000e+02
2.180000000000000000e+03 9.010000000000000000e+02 9.770000000000000000e+02
2.181000000000000000e+03 8.700000000000000000e+02 9.430000000000000000e+02
2.182000000000000000e+03 8.520000000000000000e+02 9.210000000000000000e+02
2.183000000000000000e+03 8.580000000000000000e+02 9.380000000000000000e+02
2.184000000000000000e+03 8.710000000000000000e+02 9.390000000000000000e+02
2.185000000000000000e+03 8.340000000000000000e+02 9.070000000000000000e+02
2.186000000000000000e+03 8.260000000000000000e+02 9.050000000000000000e+02
2.187000000000000000e+03 8.520000000000000000e+02 9.250000000000000000e+02
2.188000000000000000e+03 8.410000000000000000e+02 9.110000000000000000e+02
2.189000000000000000e+03 8.450000000000000000e+02 9.030000000000000000e+02
2.190000000000000000e+03 8.410000000000000000e+02 9.110000000000000000e+02
2.191000000000000000e+03 8.410000000000000000e+02 9.300000000000000000e+02
2.192000000000000000e+03 7.990000000000000000e+02 9.080000000000000000e+02
2.193000000000000000e+03 8.900000000000000000e+02 9.710000000000000000e+02
2.194000000000000000e+03 8.340000000000000000e+02 9.150000000000000000e+02
2.195000000000000000e+03 8.820000000000000000e+02 9.560000000000000000e+02
2.197000000000000000e+03 9.000000000000000000e+02 9.680000000000000000e+02
2.198000000000000000e+03 9.380000000000000000e+02 1.005000000000000000e+03
2.199000000000000000e+03 9.080000000000000000e+02 1.009000000000000000e+03
2.200000000000000000e+03 9.090000000000000000e+02 9.860000000000000000e+02
2.201000000000000000e+03 8.850000000000000000e+02 9.220000000000000000e+02
2.202000000000000000e+03 8.750000000000000000e+02 9.590000000000000000e+02
2.203000000000000000e+03 8.560000000000000000e+02 9.550000000000000000e+02
2.204000000000000000e+03 8.770000000000000000e+02 9.640000000000000000e+02
2.207000000000000000e+03 9.140000000000000000e+02 9.790000000000000000e+02
2.209000000000000000e+03 9.520000000000000000e+02 1.015000000000000000e+03
2.210000000000000000e+03 8.400000000000000000e+02 9.260000000000000000e+02
2.211000000000000000e+03 8.720000000000000000e+02 9.080000000000000000e+02
2.212000000000000000e+03 8.600000000000000000e+02 9.630000000000000000e+02
