2.001000000000000000e+03 8.835243340214130967e+02 1.766099322843845130e+03 8.844882949595653372e+02
2.004000000000000000e+03 9.271946034290580201e+02 1.909930798902901870e+03 -2.479252194822598199e+01
2.005000000000000000e+03 8.557663211762169340e+02 1.586895171498961417e+03 3.863659192602427197e+02
2.006000000000000000e+03 8.779010928866803170e+02 1.469613041858274073e+03 5.742638590618279295e+02
2.007000000000000000e+03 8.716213038660412167e+02 1.854328161734580817e+03 3.595986295871462062e+02
2.008000000000000000e+03 8.836105108309122897e+02 1.596134076058717994e+02 7.082882523056064201e+02
2.009000000000000000e+03 8.919861094672709214e+02 4.008151132548367173e+02 8.242824935579462817e+02
2.010000000000000000e+03 8.725161100930207567e+02 9.591900001899028894e+02 6.003909799304321950e+02
2.011000000000000000e+03 9.156055255126480006e+02 4.774407587947341085e+02 1.244361202500080708e+03
2.012000000000000000e+03 8.774529753842431319e+02 3.269260172660516446e+02 6.510186081490696779e+02
2.013000000000000000e+03 8.573633863757553399e+02 1.786841552481076860e+02 2.453377866139223684e+01
2.014000000000000000e+03 8.659452798823194826e+02 5.943090799264617630e+01 2.120162591319578098e+02
2.015000000000000000e+03 9.084859690602646651e+02 1.182203286011200163e+02 8.542944397873137632e+02
2.017000000000000000e+03 9.158722550692340292e+02 1.190102218043803759e+03 8.667375956296838240e+02
2.019000000000000000e+03 8.851879346458764530e+02 9.185965554800378641e+02 1.118508257654031240e+03
2.020000000000000000e+03 8.662476414220658398e+02 1.024334508142377217e+03 4.008839398411514026e+02
2.021000000000000000e+03 8.261597764736291083e+02 1.001313023311674783e+03 1.628743508639883828e+02
2.023000000000000000e+03 8.575689464858926385e+02 5.412864350476276059e+02 4.147851243800581642e+02
2.024000000000000000e+03 9.088308510180711437e+02 3.661749634591615177e+01 5.882580882872106258e+02
2.025000000000000000e+03 8.971315037223165518e+02 1.710853397079286253e+02 5.308863517165445955e+02
2.026000000000000000e+03 8.834886216909105769e+02 1.723936091842348560e+03 3.518126030279532301e+01
2.028000000000000000e+03 8.820025365270217890e+02 1.341671889303366925e+03 7.517239891705194168e+02
2.029000000000000000e+03 8.712795176207682744e+02 4.486468915548934433e+02 4.860761538592034867e+02
2.030000000000000000e+03 8.680016801364055254e+02 3.406790687210401529e+02 -4.203976420599621733e+00
2.031000000000000000e+03 9.157367653446394797e+02 7.402364950883863912e+02 7.931479638804746628e+02
2.032000000000000000e+03 8.647370665581903495e+02 9.098556367265397284e+02 1.359092203322762316e+03
2.033000000000000000e+03 9.013357004572091000e+02 1.966023310463247299e+03 8.132362337501766660e+02
2.034000000000000000e+03 9.052629672897196542e+02 2.220594179494227774e+03 -2.470200487905442444e+01
2.036000000000000000e+03 8.855090597563963684e+02 1.649542024432898188e+03 5.016639118614133963e+02
2.061000000000000000e+03 8.774790315065190498e+02 2.478656197713683582e+02 7.708108922515933727e+02
2.062000000000000000e+03 8.959169110067633710e+02 3.351754607519405909e+02 9.037037878624378209e+02
2.063000000000000000e+03 8.858694298337265991e+02 4.161555515876759728e+02 9.933183644400373851e+02
2.064000000000000000e+03 9.018163212791655496e+02 4.911371635840062595e+02 1.061260135043756918e+03
2.066000000000000000e+03 9.182832147188165663e+02 6.532639000811605001e+02 1.044411667142277111e+03
2.067000000000000000e+03 9.268931964459609389e+02 6.925321684324063654e+02 1.179314508566390259e+03
2.068000000000000000e+03 8.849139160083551587e+02 8.422775390607894224e+02 1.190262925338935474e+03
2.069000000000000000e+03 9.012611689725785027e+02 7.010085799934579427e+02 1.370820298994340646e+03
2.070000000000000000e+03 8.944149854991829898e+02 5.802170873511493028e+02 1.292045042987173019e+03
2.071000000000000000e+03 8.730225910364001720e+02 4.595484325853240080e+02 1.426207361059690584e+03
2.072000000000000000e+03 9.155720342784296690e+02 3.158114426686182128e+02 1.418376994263320739e+03
2.073000000000000000e+03 9.477958411657594979e+02 1.912884312407053926e+02 1.411267707009182914e+03
2.074000000000000000e+03 9.255136390777532824e+02 6.420555392822338945e+02 1.422880816851900818e+03
2.075000000000000000e+03 8.541095670471221410e+02 8.095923002366372430e+02 1.314388040443353930e+03
2.076000000000000000e+03 8.928245768312690416e+02 1.081143261373267023e+03 1.239372534269475182e+03
2.077000000000000000e+03 9.071539819387613761e+02 1.324804280998793047e+03 1.182119392328680760e+03
2.078000000000000000e+03 9.114728765952194180e+02 1.404867165173204512e+03 1.222602569301590393e+03
2.079000000000000000e+03 8.978973039520192287e+02 1.469250059206255173e+03 1.075627961638273973e+03
2.080000000000000000e+03 8.846698345386902247e+02 1.644062812857232984e+03 1.034426415859046074e+03
2.081000000000000000e+03 8.995271018580273221e+02 1.855050012634877021e+03 9.935757621034745171e+02
2.082000000000000000e+03 9.042287329222798462e+02 2.162769121494626688e+03 1.050589924718621205e+03
2.083000000000000000e+03 8.964477577131590351e+02 1.994190416326592413e+03 1.156509351281220688e+03
2.084000000000000000e+03 9.207651017449586561e+02 2.022625498714747891e+03 1.352867645078875739e+03
2.085000000000000000e+03 8.995997515288399882e+02 1.832690333260236912e+03 1.317973521780050078e+03
2.086000000000000000e+03 9.142025309569052069e+02 1.554505097267313431e+03 1.313254865436435011e+03
2.087000000000000000e+03 9.146653498557703870e+02 1.767655572817351867e+03 1.249754427950550735e+03
2.088000000000000000e+03 8.900826946664282104e+02 1.695171219818108966e+03 1.423224160120488250e+03
2.089000000000000000e+03 9.174420429378877770e+02 1.448666534689387845e+03 1.368123308051285903e+03
2.090000000000000000e+03 8.967732322793621051e+02 1.219920954398142840e+03 1.337779042011942238e+03
2.091000000000000000e+03 9.044867342304678459e+02 1.101860630618913092e+03 1.361152777854500300e+03
2.092000000000000000e+03 8.636157138292768423e+02 1.079241672222691477e+03 1.155010403649515411e+03
2.093000000000000000e+03 9.023727976119121195e+02 1.307329901213406174e+03 1.041820917146482316e+03
2.094000000000000000e+03 9.308970551889921126e+02 1.159718300584140025e+03 1.035685943648524244e+03
2.095000000000000000e+03 9.007471160492368654e+02 9.768131408533317881e+02 1.213822922224519743e+03
2.096000000000000000e+03 9.193038036687228214e+02 1.012591292601534633e+03 1.057215928362536943e+03
2.097000000000000000e+03 9.141491841570289125e+02 9.668385452281468133e+02 9.115132086107585110e+02
2.098000000000000000e+03 9.230588349720152337e+02 1.084162768757826825e+03 8.830857196265776565e+02
2.099000000000000000e+03 9.118245879295581062e+02 1.248921941834848894e+03 7.759084672189009098e+02
2.100000000000000000e+03 8.837695239824478222e+02 1.149177743231594832e+03 6.292277842854562095e+02
2.101000000000000000e+03 8.710213063436992798e+02 1.123658440788120060e+03 3.591670075136757418e+02
2.102000000000000000e+03 8.713467216816179644e+02 1.252037094885481110e+03 4.296911852071459634e+02
2.103000000000000000e+03 9.177719371806688287e+02 1.413281517659055680e+03 8.831654207808418278e+02
2.104000000000000000e+03 8.952358919399795241e+02 1.605667890860929901e+03 6.887804225924014645e+02
2.106000000000000000e+03 9.053745960674159505e+02 1.645615924575120516e+03 7.877008221822196674e+02
2.107000000000000000e+03 9.077400942433221189e+02 1.676113905166277618e+03 9.067665591393399609e+02
2.108000000000000000e+03 8.921370456677907441e+02 1.514506205445909472e+03 7.697885162059807271e+02
2.109000000000000000e+03 9.008514863327185367e+02 1.531901890597889860e+03 9.753936017250672421e+02
2.110000000000000000e+03 9.280677665701380192e+02 1.801724326983993706e+03 7.607847506612021107e+02
2.111000000000000000e+03 9.094327820220397598e+02 1.766882634439390131e+03 6.089714975054728257e+02
2.112000000000000000e+03 9.068439646391968836e+02 1.889890572017393197e+03 7.116944159024277496e+02
2.113000000000000000e+03 8.910630030689570731e+02 1.837806340356843293e+03 5.108661467397765250e+02
2.114000000000000000e+03 8.878489605161272493e+02 2.122295381108815491e+03 8.219380220991175747e+02
2.115000000000000000e+03 9.318743811814073297e+02 2.064779700345226047e+03 1.072465809619453012e+03
2.117000000000000000e+03 8.992015570180786881e+02 1.938681070661391004e+03 1.048734480628149413e+03
2.119000000000000000e+03 9.031903055968199396e+02 1.863908019618201024e+03 1.155189542261433871e+03
2.120000000000000000e+03 9.233465316022130764e+02 1.709391206242747785e+03 1.173686139707095890e+03
2.121000000000000000e+03 8.915808589757964455e+02 1.594297609957484838e+03 1.140095665653726655e+03
2.123000000000000000e+03 9.318579444569018051e+02 2.188758965850297500e+03 1.188932151745371584e+03
2.125000000000000000e+03 9.550033748340317743e+02 2.238339541805406043e+03 6.146204890554297435e+02
2.126000000000000000e+03 9.567306537470681178e+02 2.268183068250855740e+03 7.343350056523244120e+02
2.127000000000000000e+03 9.544961903898838500e+02 2.182689577156035284e+03 7.035763349012445360e+02
2.128000000000000000e+03 9.244853326293078908e+02 2.262976149811997857e+03 8.687643147425544612e+02
2.129000000000000000e+03 9.388025693341696751e+02 2.288305992124316617e+03 1.012059751249796136e+03
2.130000000000000000e+03 9.822013011216635050e+02 2.148668165167282496e+03 5.149467645347460802e+02
2.132000000000000000e+03 8.780922842403767845e+02 1.922952534944814488e+03 4.354392757935676741e+02
2.133000000000000000e+03 8.941077701982798089e+02 1.905920475663593606e+03 2.734571759283142569e+02
2.134000000000000000e+03 9.327357186784926171e+02 1.941504007044668924e+03 1.701797384259121486e+02
2.135000000000000000e+03 9.326296398410181610e+02 1.863702689684573215e+03 4.178942159402082979e+01
2.136000000000000000e+03 9.248935994472025186e+02 2.070545861079952829e+03 -1.268253083612255239e+01
2.137000000000000000e+03 9.431136776189703141e+02 2.037565662804494423e+03 7.406897329140424802e+01
2.138000000000000000e+03 9.527192983997716738e+02 2.119412802265960636e+03 1.752621475426097106e+02
2.140000000000000000e+03 9.460542410206569457e+02 2.061980101986671798e+03 3.154275798297377946e+02
2.141000000000000000e+03 9.521767580017535693e+02 2.074776489992098050e+03 4.236016519386918162e+02
2.142000000000000000e+03 1.006078390868954784e+03 2.272779985993198807e+03 4.914787291889489325e+02
2.143000000000000000e+03 9.627580847260735482e+02 2.242993270666059743e+03 3.275926392717639146e+02
2.145000000000000000e+03 9.623955547873879368e+02 2.200379690133664099e+03 7.571557967903883934e+01
2.146000000000000000e+03 9.830368605486816023e+02 2.166543617083123536e+03 3.819421579893301555e+02
2.147000000000000000e+03 8.996562994858883258e+02 1.277314141037887566e+03 1.731227780238872924e+02
2.148000000000000000e+03 8.921717560194251746e+02 1.254863441014051887e+03 2.783598192655448997e+02
2.150000000000000000e+03 9.110263430238795763e+02 1.386279144963321414e+03 4.467976378656186967e+02
2.151000000000000000e+03 8.692309137619141666e+02 1.421890220877734464e+03 2.960424739927742053e+02
2.152000000000000000e+03 9.235555657367821141e+02 1.470310231356402710e+03 2.377725676257744851e+02
2.153000000000000000e+03 9.337280188182878646e+02 1.608533394614818917e+03 2.506420120737346906e+02
2.154000000000000000e+03 9.000196096622818231e+02 1.610262591662181876e+03 1.518303597471358444e+02
2.155000000000000000e+03 8.932991842604465091e+02 1.631699951899606276e+03 7.816030085160205587e+00
2.156000000000000000e+03 9.120656969023614238e+02 1.502237729990028811e+03 2.344111287788116726e+01
2.157000000000000000e+03 9.076115772667517376e+02 1.400546818983748381e+03 7.389617116619353965e+01
2.158000000000000000e+03 9.117415966286996536e+02 1.309837679359986851e+03 4.208496630200323807e+01
2.160000000000000000e+03 8.658953177753095360e+02 9.136107475986207191e+02 6.155334732172903500e+01
2.162000000000000000e+03 8.906365052187503579e+02 8.341740516997034547e+02 4.674255598372577936e+01
2.163000000000000000e+03 8.804502025054465548e+02 7.219964818018395363e+02 8.960718144806181229e-01
2.164000000000000000e+03 8.606785843197336590e+02 4.494750280760799228e+02 1.830881086589142015e+01
2.165000000000000000e+03 8.645475571498058116e+02 4.148418200972331533e+02 1.432187649521570734e+02
2.166000000000000000e+03 8.708506274454039158e+02 5.823012860765268215e+02 1.038005726064080676e+02
2.167000000000000000e+03 8.847438437789547834e+02 7.167843758121376823e+02 1.298321505447282505e+02
2.168000000000000000e+03 8.773809008847390487e+02 8.026418057958292138e+02 2.435859113235206053e+02
2.169000000000000000e+03 9.160100315857550868e+02 9.253890700306004646e+02 3.793901697059842490e+02
2.170000000000000000e+03 9.091928015737455553e+02 8.908795428407065629e+02 5.484047364071858510e+02
2.171000000000000000e+03 9.114396411844845716e+02 9.835706325077685506e+02 6.864221122149551775e+02
2.172000000000000000e+03 9.221401390297306762e+02 1.047691304836834206e+03 7.719080734840334799e+02
2.173000000000000000e+03 9.034945070631509907e+02 8.935413727173705638e+02 8.305659881625681464e+02
2.175000000000000000e+03 9.203678033305966437e+02 5.941555259256907675e+02 6.551269090025111836e+02
2.176000000000000000e+03 8.958633571218300631e+02 4.895904449480763105e+02 5.991417556966598568e+02
2.177000000000000000e+03 8.914148820459490707e+02 5.147718479147007429e+02 8.990007781436760297e+02
2.178000000000000000e+03 8.972608733804190706e+02 8.212594223656607255e+02 6.966191879317426583e+02
2.179000000000000000e+03 9.014951438080468051e+02 7.270951555374075497e+02 5.028932580851463854e+02
2.180000000000000000e+03 9.384296909492102259e+02 7.163039057544710886e+02 6.477524478860043473e+02
2.181000000000000000e+03 9.028181401945330435e+02 6.086398303016535465e+02 5.208655211209668323e+02
2.182000000000000000e+03 8.836705659884103170e+02 6.662876393580532977e+02 3.266562881809900318e+02
2.183000000000000000e+03 9.004152567123578592e+02 7.611439107360877188e+02 4.145802664717428456e+02
2.184000000000000000e+03 9.024578149517300290e+02 1.055942793504731981e+03 5.313110679047289295e+02
2.185000000000000000e+03 8.702270933515260367e+02 5.998335665417015434e+02 2.152204267220676002e+02
2.186000000000000000e+03 8.611922158641526721e+02 4.119011778159058395e+02 2.668060537419005414e+02
2.187000000000000000e+03 8.872284013521714314e+02 5.221764050076998274e+02 3.157823164255440247e+02
2.188000000000000000e+03 8.710859610392230934e+02 3.707264840359230789e+02 3.912140512628232614e+02
2.189000000000000000e+03 8.688339378213040618e+02 1.813014871170363733e+02 2.801311800249267776e+02
2.190000000000000000e+03 8.748835164871279630e+02 2.675614759779821270e+02 1.600738184683080476e+02
2.191000000000000000e+03 8.879610797492408665e+02 9.759785125387141136e+01 4.379838310809564064e+02
2.192000000000000000e+03 8.556612919010536871e+02 8.943655694325313732e+01 4.702840632224587125e+01
2.193000000000000000e+03 9.305189137535558075e+02 1.966258540392472867e+02 9.888593841021429398e+02
2.194000000000000000e+03 8.728708808693911578e+02 3.748146332065019806e+02 1.152652764424188945e+03
2.195000000000000000e+03 9.153479983419763357e+02 3.048801469536908257e+02 1.015439964694819196e+03
2.197000000000000000e+03 9.334098660988831853e+02 3.184891366095106378e+02 1.370978176220914065e+03
2.198000000000000000e+03 9.664115556022848068e+02 2.159776128276810709e+02 1.273777650941229467e+03
2.199000000000000000e+03 9.601518694420966540e+02 8.553620588860269436e+01 1.340876599909014658e+03
2.200000000000000000e+03 9.458255473789208736e+02 1.384052535409369398e+02 1.155917151792008781e+03
2.201000000000000000e+03 8.792129949130234081e+02 8.360765773777761751e+02 1.429868331495381426e+03
2.202000000000000000e+03 9.132159701650892885e+02 9.304230992434146401e+02 1.414151254386183609e+03
2.203000000000000000e+03 9.016463649171686257e+02 1.116423953529468008e+03 1.423232245394993242e+03
2.204000000000000000e+03 9.244261602367791966e+02 1.824160798335810341e+03 1.407300446200133820e+03
2.207000000000000000e+03 9.459093723127434714e+02 2.259165747798784651e+03 1.354340461411214847e+03
2.209000000000000000e+03 9.753053417439110717e+02 6.152191466239517581e+01 1.077981554376111262e+03
2.210000000000000000e+03 8.830329094635990259e+02 4.942079333544917290e+02 1.289997576893605356e+03
2.211000000000000000e+03 8.916070046221486791e+02 9.872591785351921772e+02 1.431715982112660186e+03
2.212000000000000000e+03 9.039451377187344860e+02 3.884636889000403244e+02 7.122081386534227931e+02
